##The merged data for the code (pre carvone, pre cis, post carvone, post cis) is farther down BELOW 
#33 pre carvone
[0.113,0.135,0.118,0.179,0.117,0.125,0.159,0.112,0.128,0.117,0.131,0.125,0.131,0.137,0.134,1.162,0.104,0.112,0.117,0.121,0.133,0.130,0.135,0.130,0.173,0.116],
[0.88,0.108,0.118,0.121,0.126,0.128,0.132,0.128,0.163,0.462,0.115,0.114,0.119,0.124,0.129,0.123,0.169,0.430,0.122,0.127,0.128,0.132,0.548,0.67,0.126],
[4.062],
[0.99,0.99,0.104,0.106,0.111,0.115,0.117,0.118,0.120,0.118,0.119,0.116,0.118,0.120,0.117,0.119,0.116,0.117,0.118,0.118,0.124,0.121,0.119,0.123,0.121,0.118,0.130,0.121,0.119,0.125,0.123,0.126,0.127,0.129,0.127,0.123,0.127,0.125,0.136,0.121,0.122],
[2.175],
[0.104,0.141],
[0.108,0.166,0.122,0.426,0.124,2.123,0.137,0.130,0.334,0.105,0.110,0.105,0.112,0.112,0.115,0.116,0.109,0.116,0.121,0.116],
[0.91,0.99,0.109,0.108,0.106,0.107,0.110,0.115,0.112,0.115,0.111,0.123,0.115,0.116,0.121,0.123,0.123,0.124,0.121,0.130,0.120,0.134,0.132,0.122,0.113,0.122,0.127,0.121,0.118,0.128,0.121,0.115,0.117,0.121,0.123,0.119,0.139,0.114,0.128,0.124,0.121,[0.111],
[0.100,0.163,0.104,0.126,0.756,0.100,0.113,0.123],
[0.110,2.505,0.104,0.462,0.129,0.247],
[0.92,0.104,0.118,0.101,0.107,0.112,0.111,0.110,0.120,0.117,0.118,0.115,0.120,0.118,0.122,0.116,0.126,0.119,0.122,0.120,0.118,0.130,0.122,0.118,0.117,0.124,0.122,0.122,0.118,0.120,0.124,0.126,0.118,0.126,0.136,0.126,0.110,0.125,0.124,0.119,0.124,0.124],
[0.91,0.98,0.105,0.103,0.108,0.111,0.110,0.110,0.118,0.113,0.116,0.112,0.115,0.121,0.114,0.121,0.121,0.120,0.103,0.138,0.114,0.113,0.127,0.112,0.110,0.108,0.108,0.654,0.119,0.118,0.105,0.128],
[0.981,1.271,0.114],
[0.101,0.111,0.106,0.97,0.110,1.028,0.89,0.100,0.111,0.115,0.112,0.116,0.119,0.113,0.115,0.117,0.125,0.111,0.95,0.103,0.115,0.108,0.111,0.121,0.119,0.120,0.112,0.124,0.121,0.112,0.125,0.119,0.116,0.124,0.121,0.121],
[0.95,0.96,0.99,0.107,0.112,0.112,0.109,0.110,0.116,0.115,0.109,0.113,0.111,0.109,0.115,0.119,0.115,0.115,0.114,0.119,0.118,0.127,0.119,0.115,0.114,0.123,0.117,0.112,0.124,0.113,0.113,0.122,0.123,0.115,0.109,0.124,0.124,0.120,0.117,0.118,0.120,0.121,0.111],
[0.95,0.105,0.113,0.101,0.108,0.107,0.114,0.111,0.116,0.111,0.118,0.124,0.122,0.119,0.117,0.116,0.115,0.121,0.114,0.119,0.114,0.112,0.122,0.112,0.115,0.119,0.117,0.124,0.121,0.117,0.119,0.126,0.125,0.137,0.115,0.120,0.121,0.119,0.103,0.121,0.130,0.118],
[0.108,0.134,0.339,0.113,0.139,0.156,0.118,0.123,0.903,0.121,0.488,0.103,0.116,0.128,0.121,0.526,0.119,0.134,0.120,0.129,0.462,0.108,0.107],
[0.88,0.90,0.102,0.102,0.109,0.108,0.112,0.106,0.115,0.117,0.110,0.119,0.112,0.115,0.117,0.117,0.123,0.115,0.117,0.121,0.119,0.113,0.113,0.115,0.119,0.113,0.122,0.129,0.118,0.113,0.124,0.119,0.119,0.119,0.112,0.122,0.122,0.127,0.121,0.113,0.131,0.115,0.115],
[0.92,0.95,0.102,0.107,0.112,0.112,0.115,0.115,0.112,0.111,0.119,0.110,0.121,0.115,0.123,0.115,0.112,0.117,0.110,0.126,0.126,0.117,0.118,0.119,0.123,0.117,0.119,0.120,0.113,0.119,0.121,0.119,0.125,0.121,0.119,0.120,0.133,0.114,0.125,0.113,0.131,0.122],
[0.94,0.102,0.109,0.104,0.112,0.114,0.112,0.110,0.120,0.111,0.123,0.121,0.116,0.126,0.121,0.114,0.116,0.116,0.122,0.115,0.118,0.130,0.121,0.115,0.106,0.122,0.119,0.120,0.119,0.119,0.116,0.127,0.120,0.125,0.121,0.121,0.117,0.127,0.119,0.121,0.119,0.121],
[0.113,0.159,0.125,0.821,0.111,0.834,0.110,0.112,0.331,0.2130],
[0.100,0.93,0.101,0.107,0.112,0.109,0.115,0.113,0.116,0.112,0.113,0.115,0.119,0.112,0.113,0.119,0.115,0.116,0.121,0.114,0.113,0.118,0.119,0.122,0.118,0.124,0.116,0.119,0.123,0.115,0.127,0.122,0.123,0.115,0.117,0.122,0.114,0.116,0.112,0.137,0.115,0.118,0.114],
[0],
[4.856,0.116]

#33 pre cis
[0.114,0.100,0.116,0.118,0.112,0.765,0.105,0.122,0.123,0.108,0.588,0.118,0.117,0.126,0.119,0.128,0.126,0.221,0.113,0.118,0.142,0.119,0.129,0.245,0.106,0.115,0.132,0.147,0.128,0.118],
[0.100,0.103,0.112,0.117,0.116,0.120,0.122,0.120,0.118,0.118,0.126,0.119,0.120,0.118,0.125,0.122,0.124,0.125,0.130,0.128,0.122,0.123,0.121,0.130,0.127,0.134,0.125,0.121,0.122,0.121,0.124,0.126,0.131,0.125,0.140,0.122,0.121,0.124,0.130,0.127],
[0.98,0.103,0.127,1.161,0.101,0.116,0.125,0.123,0.125,0.260,0.558,0.118,0.121,0.680,0.218,0.121,0.111],
[0.92,0.96,0.101,0.103,0.110,0.111,0.114,0.110,0.116,0.115,0.112,0.116,0.117,0.115,0.118,0.116,0.114,0.118,0.117,0.127,0.121,0.114,0.123,0.120,0.125,0.133,0.123,0.114,0.125,0.116,0.138,0.118,0.117,0.131,0.130,0.128,0.127,0.123,0.135,0.126,0.113,0.124],
[0],
[0.115,0.103,0.114,0.111,0.130,0.423,0.132,0.562,0.111],
[0.104,0.126,0.152,0.116,0.107,0.115,0.150,0.462,0.108,0.123],
[0.91,0.98,0.111,0.103,0.106,0.107,0.109,0.112,0.115,0.111,0.112,0.110,0.114,0.110,0.111,0.112,0.113,0.118,0.114,0.131,0.114,0.111,0.119,0.117,0.121,0.114,0.119,0.118,0.118,0.117,0.121,0.130,0.123,0.115,0.114,0.114,0.121,0.122,0.127,0.123,0.116,0.125,0.121],
[0.136],
[0.93,0.104,0.107,0.110,0.112,0.113,0.110,0.115,0.115,0.116,0.128,0.110,0.113,0.113,0.118,0.118,0.117,0.118,0.120,0.136,0.122,0.120,0.118,0.122,0.137,0.118,0.116,0.121,0.123,0.139,0.124,0.122,0.123,0.123,0.123,0.126,0.122,0.145,0.121,0.132,0.135],
[0.88,0.94,0.93,0.102,0.108,0.111,0.114,0.113,0.114,0.115,0.114,0.113,0.115,0.112,0.115,0.115,0.117,0.120,0.121,0.123,0.123,0.122,0.125,0.126,0.118,0.118,0.118,0.113,0.120,0.117,0.121,0.118,0.118,0.119,0.134,0.125,0.117,0.118,0.118,0.123,0.119,0.121,0.118],
[0.88,0.96,0.99,0.105,0.111,0.110,0.108,0.113,0.115,0.113,0.118,0.117,0.113,0.112,0.114,0.116,0.118,0.117,0.124,0.114,0.112,0.119,0.120,0.117,0.113,0.113,0.113,0.138,0.113,0.112,0.122,0.116,0.115,0.122,0.134,0.120,0.123,0.123,0.121,0.124,0.138,0.108,0.116],
[0.104,0.189],
[0.113,0.165,0.137,0.110,1.422,0.102,0.126],
[0.108,0.120,0.145,2.419,0.126,0.110],
[0.88,0.98,0.97,0.103,0.104,0.105,0.107,0.108,0.110,0.108,0.108,0.113,0.111,0.112,0.114,0.110,0.112,0.111,0.125,0.111,0.113,0.111,0.110,0.116,0.111,0.116,0.115,0.126,0.112,0.110,0.110,0.115,0.116,0.122,0.112,0.115,0.117,0.129,0.110,0.116,0.116,0.130,0.114,0.114],
[0.95,0.314,0.127],
[0.89,0.89,0.100,0.103,0.104,0.107,0.108,0.108,0.110,0.109,0.109,0.109,0.110,0.110,0.111,0.112,0.109,0.112,0.122,0.112,0.111,0.111,0.112,0.111,0.112,0.112,0.126,0.108,0.113,0.113,0.110,0.115,0.117,0.120,0.130,0.118,0.120],
[0.128,0.141,2.144,1.578,0.99],
[0.85,0.106,0.97,0.103,0.103,0.104,0.106,0.106,0.105,0.108,0.103,0.107,0.109,0.107,0.110,0.110,0.124,0.104,0.105,0.106,0.109,0.115,0.116,0.109,0.109,0.121,0.108,0.110,0.111,0.113,0.121,0.114,0.113,0.121,0.112,0.107,0.112,0.113,0.116,0.125,0.111,0.112,0.114,0.120,0.133],
[0.92,0.93,0.100,0.102,0.107,0.107,0.111,0.108,0.111,0.109,0.113,0.116,0.114,0.112,0.115,0.116,0.117,0.115,0.111,0.121,0.113,0.110,0.113,0.112,0.117,0.115,0.111,0.117,0.109,0.121,0.126,0.116,0.118,0.118,0.120,0.120,0.113,0.119,0.131,0.115,0.111,0.118,0.115,0.120],
[0.85,0.93,0.106,0.107,0.107,0.104,0.108,0.109,0.110,0.110,0.111,0.109,0.106,0.113,0.122,0.109,0.106,0.113,0.112,0.111,0.110,0.124,0.108,0.109,0.112,0.112,0.116,0.128,0.108,0.107,0.110,0.114,0.129,0.114,0.110,0.113,0.133,0.116,0.110,0.112,0.113,0.116,0.117,0.134],
[0.83,0.97,0.101,0.103,0.106,0.107,0.111,0.109,0.115,0.115,0.116,0.115,0.110,0.117,0.113,0.119,0.104,0.107,0.115,0.115,0.114,0.112,0.116,0.112,0.128,0.121,0.116,0.116,0.117,0.118,0.111,0.134,0.111,0.114,0.112,0.116,0.114,0.118,0.132,0.117,0.112,0.113,0.124,0.118],
[0.95,0.103,0.101,0.108,0.108,0.109,0.111,0.111,0.111,0.114,0.115,0.111,0.116,0.117,0.127,0.112,0.110,0.114,0.114,0.117,0.114,0.115,0.126,0.114,0.109,0.116,0.119,0.115,0.114,0.131,0.115,0.111,0.116,0.117,0.118,0.134,0.114,0.111,0.115,0.123,0.138,0.113,0.112]

#34 pre carvone 
[0.130,0.128,0.141,0.148,0.144,0.145,0.150,0.148,0.148,0.158,0.147,0.171,0.696,0.129,0.138,0.150,0.151,0.169,0.150,0.151,0.917,0.136,0.178],
[0.101,0.119,0.172,0.180,0.202,0.138,0.113,0.121],
[0.111,1.258],
[0.99,0.108,0.116,0.122,0.123,0.116,0.117,0.118,0.120,0.124,0.122,0.119,0.123,0.125,0.122,0.120,0.119,0.126,0.128,0.130,0.138,0.150,0.159,0.141,0.146,0.162,0.135,0.128,0.126,0.129,0.126,0.134,0.130,0.134,0.135,0.140,0.127,0.131,0.131],
[0.112,0.644],
[0.98],
[0.105,0.107,0.119,0.110,0.109,0.106,0.110,0.112,0.114,0.112,0.115,0.112,0.124,0.118,0.114,0.121,0.121,0.124,0.121,0.120,0.122,0.122,0.123,0.124,0.126,0.121,0.122,0.119,0.124,0.124,0.141,0.135,0.140,0.143,0.134,0.125,0.127,0.127,0.130,0.130,0.135],
[0.103,0.107,0.115,0.111,0.115,0.110,0.123,0.118,0.108,0.120,0.123,0.118,0.117,0.117,0.119,0.115,0.120,0.121,0.121,0.119,0.125,0.126,0.131,0.135,0.128,0.130,0.133,0.128,0.128,0.127,0.128,0.129,0.124,0.127,0.126,0.127,0.138,0.124,0.122,0.125],
[0.101,0.107,0.150,0.163],
[0.142,0.303],
[0.97,0.123,0.139,0.106,0.102,0.110,0.107,0.110,0.116,0.116,0.117,0.118,0.124,0.119,0.122,0.122,0.122,0.123,0.122,0.126,0.129,0.123,0.122,0.127,0.126,0.127,0.131,0.144,0.124,0.126,0.128,0.119,0.124,0.124,0.121,0.132,0.128,0.118,0.118,0.123,0.127],
[0.97,0.98,0.104,0.111,0.111,0.111,0.114,0.117,0.116,0.118,0.118,0.124,0.135,0.143,0.133,0.128,0.121,0.115,0.117,0.119,0.121,0.118,0.127,0.133,0.133,0.134,0.134,0.141,0.134,0.123,0.126,0.121,0.120,0.123,0.119,0.127,0.348,0.104,0.113],
[0.101,4.596],
[0.86,0.92,0.102,0.102,0.107,0.109,0.108,0.112,0.111,0.112,0.110,0.113,0.105,0.114,0.120,0.117,0.125,0.124,0.120,0.120,0.112,0.128],
[0.88,0.94,0.111,0.114,0.113,0.112,0.109,0.112,0.116,0.119,0.118,0.118,0.117,0.128,0.124,0.123,0.126,0.129,0.127,0.120,0.125,0.125,0.120,0.127,0.131,0.120,0.119,0.124,0.313,0.105,0.113,0.116,0.115,0.125,0.123,0.137,0.124,0.127,0.123,0.122],
[0.102,0.146,0.152,0.104,0.106,0.111,0.104,0.98,0.107,0.110,0.112,0.115,0.97,0.113,0.118,0.112,0.110,0.110,0.117,0.120,0.107,0.116,0.119,0.113,0.118,0.116,0.122,0.128,0.116,0.117,0.115,0.115,0.124,0.125,0.117,0.109,0.100,0.115,0.118,0.105,0.124,0.111,0.127],
[0.282,0.193,1.137,1.064,0.104,0.502,0.307,1.071],
[0.186,0.86,0.93,0.101,0.103,0.110,0.111,0.105,0.105,0.114,0.110,0.113,0.114,0.128,0.3110,0.94,0.105,0.110],
[0.100,0.101,0.108,0.117,0.112,0.118,0.117,0.119,0.115,0.117,0.116,0.119,0.130],
[0.105,0.113,0.107,0.111,0.116,0.113,0.110,0.107,0.112,0.113,0.113,0.115,0.116,0.116,0.111,0.117,0.117,0.121,0.119,0.117,0.115,0.116,0.120,0.119,0.127,0.123,0.120,0.119,0.128,0.119,0.119,0.121,0.125,0.119,0.122,0.117],
[0],
[0.86,0.95,0.99,0.104,0.108,0.110,0.111,0.112,0.109,0.113,0.111,0.116,0.118,0.119,0.128,0.118,0.118,0.117,0.117,0.118,0.121,0.122,0.124,0.126,0.126,0.127,0.119,0.121,0.123,0.133,0.123,0.127,0.126,0.119,0.120,0.119,0.124,0.125,0.135,0.108],
[0.513,0.116],
[0]

#34 pre cis 
[0.117,0.109,0.113,0.115,0.116,0.121,0.118,0.118,0.122,0.114,0.123,0.123,0.130,0.119,0.124,0.121,0.125,0.127,0.125,0.129,0.128,0.130,0.125,0.127,0.132,0.139,0.128,0.132,0.131,0.135,0.139,0.137,0.141,0.128,0.139,0.136,0.144,0.128,0.130],
[0.100,0.113,0.118,0.112,0.119,0.115,0.123,0.120,0.124,0.126,0.124,0.123,0.127,0.127,0.132,0.129,0.135,0.135,0.142,0.134,0.126,0.131,0.132,0.132,0.134,0.133,0.134,0.130,0.155,0.506,0.127,0.136,0.129,0.132,0.137,0.126],
[0.100,0.101,0.109,0.112,0.113,0.117,0.120,0.115,0.117,0.119,0.118,0.121,0.122,0.118,0.119,0.128,0.122,0.121,0.124,0.133,0.128,0.133,0.141,0.130,0.122,0.121,0.125,0.127,0.125,0.125,0.139,0.123,0.144,0.138,0.133,0.126,0.128,0.144,0.124,0.129],
[0.100,0.102,0.109,0.113,0.122,0.118,0.119,0.116,0.115,0.115,0.117,0.119,0.123,0.122,0.121,0.120,0.121,0.125,0.127,0.128,0.126,0.127,0.127,0.134,0.119,0.128,0.126,0.128,0.124,0.126,0.130,0.131,0.134,0.129,0.130,0.142,0.131,0.135,0.129,0.130],
[0.105,0.104,0.111,0.116,0.116,0.111,0.120,0.117,0.118,0.120,0.116,0.119,0.121,0.118,0.121,0.118,0.120,0.121,0.133,0.114,0.117,0.122,0.130,0.123,0.125,0.126,0.137,0.153,0.126,0.121,0.122,0.122,0.127,0.123,0.139,0.122,0.127,0.126,0.127,0.128],
[0.77,0.95,0.96,0.106,0.108,0.112,0.114,0.116,0.114,0.117,0.114,0.116,0.118,0.126,0.123,0.122,0.121,0.124,0.122,0.121,0.121,0.129,0.118,0.117,0.123,0.123,0.118,0.122,0.130,0.121,0.126,0.122,0.139,0.119,0.127,0.120,0.130,0.125,0.127,0.128,0.157],
[0.90,0.101,0.118,0.113,0.115,0.119,0.119,0.120,0.128,0.123,0.116,0.127,0.124,0.124,0.181,0.107,0.115,0.121,0.118,0.133,0.113,0.118,0.115,0.121,0.121,0.125,0.129,0.122,0.118,0.120,0.125,0.125,0.128,0.122,0.126,0.138,0.119,0.120,0.121,0.127,0.125],
[0.99,0.95,0.106,0.107,0.110,0.112,0.109,0.112,0.114,0.112,0.109,0.113,0.113,0.115,0.115,0.113,0.124,0.113,0.114,0.114,0.115,0.123,0.122,0.125,0.137,0.128,0.135,0.124,0.124,0.123,0.127,0.122,0.120,0.123,0.121,0.140,0.120,0.123,0.126,0.122,0.119,0.118],
[0.95,0.104,0.103,0.107,0.111,0.114,0.109,0.115,0.111,0.112,0.107,0.114,0.114,0.119,0.129,0.118,0.121,0.123,0.116,0.121,0.118,0.117,0.116,0.123,0.115,0.116,0.115,0.117,0.115,0.117,0.129,0.115,0.122,0.119,0.123,0.117,0.120,0.118,0.129,0.114,0.118,0.119,0.124],
[0.88,0.100,0.99,0.102,0.110,0.108,0.110,0.110,0.114,0.110,0.111,0.116,0.115,0.116,0.114,0.115,0.116,0.117,0.128,0.116,0.112,0.120,0.119,0.125,0.126,0.127,0.122,0.126,0.120,0.118,0.117,0.119,0.125,0.126,0.136,0.123,0.120,0.120,0.128,0.124,0.123,0.131],
[0.91,0.100,0.106,0.108,0.111,0.108,0.112,0.112,0.115,0.118,0.117,0.118,0.123,0.120,0.122,0.118,0.119,0.125,0.118,0.118,0.113,0.112,0.122,0.117,0.122,0.125,0.122,0.133,0.118,0.122,0.122,0.122,0.118,0.119,0.121,0.119,0.130,0.122,0.126,0.125,0.125,0.127],
[0.95,0.100,0.102,0.107,0.109,0.113,0.114,0.114,0.115,0.116,0.113,0.136,0.117,0.120,0.118,0.125,0.110,0.117,0.116,0.114,0.118,0.115,0.117,0.125,0.120,0.134,0.114,0.115,0.113,0.113,0.115,0.118,0.129,0.120,0.121,0.116,0.120,0.116,0.116,0.133,0.116,0.118],
[0.82,0.113,0.97,0.104,0.100,0.107,0.105,0.108,0.108,0.106,0.107,0.107,0.108,0.108,0.116,0.107,0.113,0.110,0.107,0.114,0.111,0.113,0.109,0.121,0.102,0.113,0.116,0.115,0.114,0.118,0.114,0.110,0.122,0.107,0.115,0.111,0.113,0.117,0.114,0.123,0.115,0.115,0.112,0.112,0.115],
[0.92,0.97,0.100,0.107,0.109,0.108,0.110,0.111,0.110,0.114,0.110,0.113,0.111,0.120,0.109,0.112,0.113,0.118,0.117,0.116,0.112,0.116,0.114,0.118,0.111,0.116,0.118,0.116,0.124,0.127,0.116,0.135,0.114,0.116,0.120,0.118,0.119,0.120,0.120,0.113,0.132,0.112,0.116],
[0.82,0.89,0.97,0.102,0.104,0.107,0.109,0.105,0.106,0.104,0.104,0.116,0.111,0.117,0.105,0.107,0.104,0.105,0.105,0.104,0.107,0.106,0.120,0.108,0.102,0.104,0.107,0.106,0.107,0.111,0.134,0.244,0.108,0.116,0.108,0.114,0.113,0.115,0.124,0.108,0.115,0.112,0.113,0.115],
[0.90,0.97,0.101,0.105,0.104,0.107,0.108,0.110,0.112,0.107,0.109,0.105,0.108,0.111,0.109,0.114,0.121,0.104,0.107,0.108,0.115,0.113,0.112,0.110,0.113,0.120,0.156,0.341,0.109,0.108,0.112,0.111,0.113,0.111,0.112,0.112,0.122,0.111,0.124,0.125,0.130,0.119],
[0.91,0.94,0.101,0.108,0.109,0.110,0.109,0.109,0.110,0.104,0.122,0.112,0.109,0.105,0.105,0.107,0.109,0.106,0.107,0.108,0.108,0.120,0.108,0.109,0.107,0.111,0.113,0.108,0.113,0.113,0.125,0.107,0.112,0.114,0.117,0.118,0.117,0.128,0.135,0.110,0.111,0.111,0.114,0.117,0.115],
[0.104,0.95,0.107,0.107,0.105,0.108,0.108,0.111,0.107,0.109,0.111,0.112,0.109,0.107,0.120,0.108,0.105,0.109,0.109,0.109,0.113,0.109,0.115,0.118,0.112,0.118,0.116,0.112,0.109,0.114,0.114,0.115,0.117,0.114,0.127,0.119,0.122,0.121,0.116,0.118,0.113,0.113,0.128,0.114],
[0.89,0.93,0.98,0.102,0.105,0.104,0.102,0.102,0.114,0.106,0.107,0.105,0.105,0.106,0.106,0.116,0.102,0.105,0.103,0.108,0.109,0.108,0.107,0.119,0.104,0.106,0.105,0.111,0.110,0.111,0.110,0.108,0.125,0.101,0.110,0.111,0.110,0.111,0.112,0.111,0.125,0.109,0.112,0.107,0.116,0.114],
[0.93,0.100,0.98,0.105,0.106,0.109,0.106,0.107,0.107,0.104,0.107,0.109,0.116,0.121,0.108,0.108,0.105,0.112,0.115,0.114,0.111,0.110,0.115,0.123,0.104,0.112,0.115,0.109,0.110,0.124,0.107,0.113,0.110,0.109,0.113,0.113,0.118,0.128,0.122,0.113,0.109,0.111,0.121,0.114,0.114],
[0.95,0.98,0.105,0.109,0.105,0.109,0.107,0.110,0.110,0.109,0.105,0.108,0.111,0.110,0.110,0.127,0.108,0.111,0.109,0.117,0.118,0.115,0.115,0.114,0.111,0.129,0.114,0.118,0.112,0.116,0.113,0.116,0.127,0.138,0.111,0.129,0.115,0.123,0.118,0.115,0.119,0.114,0.113],
[0.93,0.98,0.103,0.101,0.103,0.106,0.105,0.105,0.108,0.104,0.105,0.104,0.115,0.104,0.110,0.106,0.107,0.108,0.105,0.114,0.108,0.107,0.105,0.110,0.112,0.110,0.107,0.119,0.108,0.107,0.108,0.110,0.113,0.109,0.126,0.109,0.111,0.110,0.111,0.114,0.113,0.112,0.115,0.123,0.107,0.109],
[0.91,0.97,0.101,0.111,0.103,0.113,0.107,0.109,0.107,0.108,0.107,0.109,0.111,0.127,0.113,0.110,0.108,0.117,0.117,0.112,0.114,0.111,0.110,0.113,0.124,0.118,0.113,0.110,0.114,0.112,0.116,0.118,0.119,0.116,0.126,0.111,0.113,0.116,0.109,0.116,0.116,0.130,0.113,0.116],
[0.95,0.97,0.108,0.105,0.106,0.109,0.109,0.108,0.108,0.110,0.111,0.107,0.109,0.108,0.113,0.110,0.119,0.106,0.109,0.112,0.112,0.117,0.111,0.110,0.111,0.115,0.128,0.103,0.115,0.113,0.114,0.114,0.116,0.113,0.116,0.130,0.107,0.112,0.108,0.112,0.111,0.115,0.112,0.125]

#35 pre carvone 
[0.666,0.137],
[0.217,0.106,0.514,0.257,0.119,0.1203,0.160],
[0],
[0.111,0.129,0.104,0.118,0.123,0.124,0.121,0.129,0.125,0.135,0.131,0.138,0.134,0.129,0.135,0.131,0.137,0.134,0.143,0.135,0.140,0.144,0.140,0.141,0.136,0.146,0.323,0.213,0.433,0.121,0.128,0.142,0.121],
[1.558,0.110,0.118],
[0],
[0],
[0.236,0.116,0.108,0.117,0.120,0.116,0.121,0.115,0.124,0.122,0.126,0.128,0.125,0.121,0.154,0.140,0.132,0.126,0.120,0.128,0.122,0.124,0.134,0.135,0.123,0.126,0.129,0.128,0.132,0.133,0.138,0.135,0.130,0.142,0.127,0.126,0.137,0.131],
[0],
[0.111,0.159,1.012],
[0.105,0.136,0.312,0.98,0.106,0.115,0.110,0.116,0.120,0.121,0.128,0.128,0.128,0.124,0.126,0.129,0.130,0.131,0.127,0.124,0.121,0.122,0.133,0.128,0.132,0.125,0.130,0.129,0.127,0.121,0.130,0.134,0.133,0.138,0.137,0.128,0.130,0.127],
[0.109,0.95,0.105,0.111,0.111,0.113,0.117,0.123,0.118,0.123,0.129,0.120,0.129,0.127,0.132,0.123,0.124,0.127,0.123,0.133,0.134,0.127,0.137,0.126,0.126,0.135,0.123,0.122,0.111,0.109,0.125,1.207],
[0],
[0.117,0.120,0.113,0.108,0.275,0.112,0.108,0.112,0.118,0.121,0.119,0.112,0.122,0.126,0.122,0.127,0.123,0.125,0.128,0.119,0.126,0.124,0.118,0.104,0.128,0.106,0.130,0.121,0.105,0.127,0.117,0.129,0.129,0.117,0.131,0.131,0.124,0.140,0.132,0.131],
[0.94,0.107,0.103,0.115,0.120,0.112,0.107,0.108,0.120,0.117,0.124,0.125,0.127,0.125,0.125,0.120,0.119,0.117,0.130,0.133,0.123,0.122,0.132,0.128,0.119,0.132,0.129,0.131,0.126,0.132,0.135,0.130,0.141,0.128,0.124,0.128,0.135,0.135,0.136,0.140],
[0.105,0.135,0.239,0.111,0.117,0.113,0.116,0.122,0.124,0.130,0.125,0.122,0.126,0.129,0.124,0.123,0.131,0.132,0.127,0.132,0.126,0.118,0.126,0.130,0.128,0.127,0.117,0.130,0.131,0.126,0.140,0.121,0.127,0.137,0.131,0.121,0.138,0.134],
[0],
[0.101,0.102,0.113,0.113,0.114,0.114,0.112,0.117,0.117,0.121,0.122,0.118,0.124,0.121,0.117,0.121,0.117,0.119,0.120,0.114,0.117,0.127,0.126,0.121,0.121,0.119,0.122,0.122,0.124,0.128,0.124,0.119,0.131,0.126,0.123,0.125,0.128,0.136,0.126,0.121,0.123],
[0.94,0.96,0.100,0.107,0.117,0.111,0.115,0.119,0.121,0.121,0.125,0.129,0.125,0.121,0.114,0.123,0.119,0.133,0.132,0.126,0.129,0.131,0.120,0.136,0.136,0.132,0.133,0.130,0.131,0.131,0.132,0.133,0.133,0.133,0.135,0.127,0.132,0.137,0.136,0.136],
[0.98,0.99,0.108,0.118,0.109,0.118,0.117,0.122,0.117,0.119,0.126,0.132,0.124,0.128,0.129,0.128,0.134,0.121,0.122,0.128,0.132,0.126,0.127,0.127,0.133,0.134,0.127,0.129,0.130,0.137,0.138,0.134,0.127,0.138,0.145,0.127,0.129,0.119,0.118],
[0],
[0.100,0.103,0.130,0.117,0.110,0.109,0.116,0.119,0.115,0.121,0.120,0.118,0.117,0.110,0.117,0.124,0.120,0.121,0.117,0.121,0.127,0.120,0.118,0.117,0.126,0.126,0.121,0.119,0.119,0.122,0.128,0.126,0.119,0.127,0.125,0.123,0.127,0.123,0.129,0.130,0.114],
[0],
[0]
# 35 pre cis
[0.99,0.105,0.122,0.125,0.111,0.114,0.115,0.126,0.113,0.126,0.128,0.119,0.118,0.127,0.128,0.128,0.126,0.125,0.128,0.129,0.130,0.107,0.125,0.125,0.128,0.124,0.145,0.129,0.123,0.130,0.139,0.138,0.130,0.130,0.132,0.145,0.137,0.141,0.136],
[0.107,0.117,0.166,0.114,0.124,0.129,0.139,0.120,0.136,0.139,0.122,0.139,0.133,0.130,0.136,0.140,0.127,0.133,0.147,0.153,0.132,0.132,0.139,0.140,0.145,0.144,0.141,0.142,0.143,0.138,0.161,0.150,0.142,0.138,0.143,0.133],
[0.98,0.101,0.110,0.116,0.120,0.123,0.124,0.130,0.119,0.122,0.118,0.128,0.126,0.124,0.118,0.120,0.130,0.124,0.132,0.127,0.122,0.124,0.122,0.136,0.124,0.134,0.131,0.124,0.123,0.122,0.130,0.121,0.132,0.127,0.146,0.123,0.125,0.124,0.123,0.124],
[0.102,0.102,0.116,0.120,0.118,0.115,0.116,0.120,0.114,0.116,0.121,0.123,0.123,0.129,0.129,0.132,0.139,0.135,0.126,0.129,0.124,0.126,0.126,0.124,0.127,0.128,0.126,0.131,0.142,0.120,0.133,0.131,0.131,0.129,0.128,0.133,0.133,0.142,0.137],
[0.107,0.98,0.108,0.119,0.114,0.114,0.115,0.119,0.120,0.118,0.128,0.113,0.116,0.116,0.113,0.117,0.138,0.119,0.116,0.117,0.119,0.120,0.128,0.117,0.119,0.120,0.118,0.149,0.117,0.140,0.127,0.122,0.121,0.122,0.125,0.126,0.141,0.128,0.129,0.128,0.129],
[0.104,0.96,0.107,0.109,0.114,0.108,0.114,0.112,0.113,0.114,0.118,0.109,0.120,0.190,0.123,0.117,0.119,0.155,0.117,0.133,0.119,0.116,0.115,0.119,0.119,0.137,0.115,0.119,0.113,0.120,0.122,0.119,0.118,0.126,0.110,0.119,0.120,0.121,0.118,0.121,0.130],
[0.96,0.97,0.101,0.111,0.109,0.113,0.114,0.108,0.109,0.109,0.109,0.111,0.116,0.117,0.114,0.123,0.120,0.115,0.115,0.120,0.121,0.125,0.125,0.121,0.121,0.122,0.138,0.119,0.117,0.115,0.120,0.120,0.127,0.121,0.127,0.126,0.122,0.116,0.118,0.127,0.125,0.141],
[0.93,0.95,0.101,0.110,0.107,0.106,0.105,0.109,0.104,0.107,0.106,0.105,0.107,0.106,0.107,0.105,0.106,0.107,0.121,0.106,0.106,0.106,0.111,0.111,0.109,0.113,0.112,0.112,0.111,0.123,0.112,0.109,0.110,0.115,0.112,0.114,0.117,0.114,0.115,0.117,0.132,0.114,0.114,0.115,0.113],
[0.95,0.93,0.107,0.111,0.109,0.113,0.115,0.109,0.108,0.107,0.105,0.110,0.110,0.112,0.121,0.120,0.114,0.114,0.128,0.113,0.115,0.112,0.116,0.112,0.111,0.112,0.113,0.116,0.122,0.120,0.123,0.111,0.113,0.132,0.119,0.118,0.115,0.116,0.119,0.119,0.117,0.132,0.119],
[0.95,0.96,0.105,0.108,0.111,0.111,0.113,0.115,0.116,0.113,0.115,0.115,0.122,0.122,0.114,0.117,0.117,0.116,0.115,0.126,0.119,0.115,0.118,0.124,0.118,0.121,0.117,0.117,0.120,0.141,0.117,0.120,0.121,0.120,0.119,0.130,0.129,0.126,0.128,0.137,0.129,0.134],
[0.96,0.94,0.105,0.117,0.114,0.110,0.116,0.116,0.115,0.113,0.115,0.111,0.117,0.124,0.128,0.116,0.116,0.116,0.113,0.112,0.115,0.120,0.115,0.112,0.113,0.127,0.115,0.116,0.113,0.111,0.114,0.114,0.131,0.104,0.116,0.116,0.112,0.113,0.118,0.114,0.132,0.121,0.121],
[0.97,0.102,0.100,0.112,0.109,0.110,0.118,0.110,0.114,0.118,0.116,0.106,0.114,0.114,0.110,0.112,0.122,0.112,0.122,0.118,0.112,0.115,0.116,0.109,0.113,0.119,0.119,0.127,0.113,0.124,0.118,0.117,0.116,0.109,0.121,0.133,0.112,0.113,0.120,0.111,0.117,0.121,0.119],
[0.96,0.92,0.106,0.112,0.107,0.109,0.107,0.108,0.115,0.106,0.109,0.108,0.107,0.107,0.110,0.105,0.118,0.105,0.114,0.113,0.109,0.104,0.109,0.109,0.105,0.127,0.108,0.120,0.111,0.111,0.105,0.115,0.112,0.125,0.106,0.112,0.106,0.113,0.121,0.114,0.105,0.109,0.113,0.113,0.129
[0.99,0.97,0.108,0.109,0.111,0.115,0.112,0.113,0.113,0.114,0.113,0.114,0.112,0.113,0.116,0.113,0.108,0.108,0.119,0.111,0.113,0.110,0.110,0.110,0.110,0.111,0.113,0.115,0.128,0.114,0.117,0.114,0.116,0.118,0.122,0.125,0.135,0.119,0.116,0.117,0.122,0.125,0.121],
[0.102,0.96,0.103,0.104,0.108,0.106,0.105,0.107,0.108,0.110,0.104,0.106,0.109,0.107,0.107,0.118,0.98,0.105,0.106,0.107,0.109,0.106,0.103,0.119,0.102,0.115,0.109,0.110,0.107,0.110,0.108,0.128,0.105,0.109,0.106,0.109,0.111,0.117,0.115,0.115,0.115,0.127,0.109,0.115,0.114],
[0.98,0.104,0.103,0.113,0.113,0.113,0.113,0.114,0.113,0.107,0.112,0.113,0.112,0.113,0.114,0.109,0.119,0.111,0.118,0.126,0.112,0.112,0.113,0.117,0.111,0.113,0.111,0.122,0.117,0.111,0.113,0.114,0.113,0.116,0.130,0.113,0.115,0.114,0.115,0.119,0.116,0.127,0.125],
[0.98,0.98,0.104,0.110,0.120,0.116,0.111,0.111,0.117,0.107,0.112,0.111,0.109,0.122,0.126,0.114,0.107,0.105,0.111,0.111,0.108,0.118,0.103,0.107,0.109,0.107,0.111,0.113,0.124,0.106,0.109,0.108,0.112,0.111,0.124,0.115,0.111,0.124,0.110,0.113,0.115,0.116,0.111,0.119],
[0.96,0.100,0.106,0.110,0.111,0.122,0.118,0.119,0.119,0.112,0.111,0.114,0.114,0.107,0.110,0.118,0.117,0.108,0.113,0.110,0.114,0.130,0.114,0.114,0.107,0.112,0.110,0.112,0.116,0.119,0.127,0.117,0.118,0.116,0.121,0.119,0.123,0.122,0.131,0.142,0.120,0.124,0.123],
[0.95,0.96,0.106,0.107,0.107,0.110,0.104,0.104,0.109,0.101,0.104,0.102,0.104,0.101,0.105,0.103,0.115,0.104,0.107,0.108,0.105,0.109,0.107,0.106,0.107,0.111,0.124,0.107,0.107,0.105,0.112,0.109,0.109,0.108,0.122,0.104,0.109,0.109,0.110,0.108,0.111,0.114,0.128,0.110,0.113,0.106],
[0.97,0.103,0.102,0.112,0.115,0.116,0.117,0.116,0.117,0.118,0.114,0.107,0.111,0.112,0.109,0.111,0.125,0.111,0.115,0.111,0.112,0.115,0.118,0.113,0.109,0.114,0.116,0.127,0.120,0.112,0.118,0.113,0.115,0.114,0.115,0.121,0.114,0.135,0.113,0.122,0.119,0.117,0.126],
[0.102,0.99,0.111,0.121,0.110,0.113,0.118,0.115,0.114,0.116,0.107,0.112,0.114,0.116,0.119,0.125,0.117,0.122,0.115,0.119,0.124,0.123,0.119,0.123,0.115,0.132,0.116,0.114,0.119,0.123,0.116,0.113,0.118,0.132,0.113,0.753],
[0.101,0.101,0.107,0.113,0.111,0.107,0.110,0.111,0.108,0.105,0.105,0.108,0.106,0.107,0.106,0.104,0.102,0.104,0.119,0.104,0.108,0.108,0.106,0.110,0.109,0.107,0.108,0.109,0.109,0.122,0.104,0.111,0.111,0.110,0.109,0.112,0.113,0.126,0.109,0.113,0.112,0.113,0.113,0.116,0.108],
[0.100,0.110,0.108,0.117,0.122,0.117,0.132,0.121,0.125,0.120,0.120,0.125,0.124,0.130,0.118,0.126,0.122,0.117,0.131,0.115,0.128,0.126,0.115,0.119,0.122,0.111,0.121,0.130,0.123,0.124,0.108,0.111,0.110,0.121,0.119,0.115,0.115,0.133,0.126,0.123,0.132],
[0.97,0.110,0.109,0.117,0.120,0.117,0.120,0.113,0.121,0.121,0.117,0.113,0.115,0.113,0.109,0.128,0.111,0.122,0.117,0.111,0.112,0.107,0.119,0.116,0.133,0.116,0.117,0.113,0.118,0.120,0.125,0.117,0.118,0.118,0.113,0.132,0.106,0.112,0.114,0.108,0.120,0.120]

#33 carvone post[0.73,0.82,0.90,0.96,0.97,0.102,0.101,0.98,0.103,0.103,0.101,0.106,0.105,0.106,0.105,0.107,0.106,0.117,0.103,0.109,0.107,0.110,0.111,0.122,0.105,0.109,0.108,0.115,0.110,0.131,0.109,0.116,0.115,0.118,0.116,0.116,0.115,0.127,0.111,0.111,0.114,0.118,0.115,0.132,0.109,0.113],
[0.88,0.110,0.86,0.110,0.118,0.97,0.106,0.107,0.108,0.107,0.98,0.113,0.106,0.110,0.108,0.109,0.113,0.111,0.113,0.113,0.124,0.107,0.105,0.113,0.110,0.150,0.231,0.108,0.120,0.109,0.109,0.108,0.113,0.118,0.294,0.123,0.114,0.108,0.112,0.141],
[0.107],
[0.2966,0.183],
[0],
[0],
[0],
[0.82,0.98,0.97,0.95,0.105,0.99,0.106,0.107,0.100,0.104,0.106,0.105,0.103,0.103,0.105,0.107,0.124,0.103,0.108,0.104,0.109,0.108,0.107,0.110,0.126,0.103,0.112,0.109,0.109,0.116,0.113,0.113,0.128,0.104,0.109,0.108,0.115,0.114,0.124,0.110,0.114,0.112,0.134,0.107,0.110,0.112],
[0.90,0.89,0.99,0.101,0.101,0.105,0.104,0.104,0.108,0.106,0.107,0.117,0.105,0.103,0.109,0.107,0.109,0.109,0.107,0.111,0.127,0.101,0.111,0.109,0.116,0.113,0.128,0.105,0.114,0.112,0.114,0.111,0.131,0.105,0.115,0.115,0.108,0.115,0.134,0.109,0.113,0.115,0.115,0.163,0.105],
[0],
[0.92,0.105,0.375,0.168,0.104],
[0.98,0.151,0.89,0.144,0.102,0.123,0.111,0.670,0.103,0.111,0.118,0.320,0.281,0.268,0.220,0.193,0.115,0.229,0.163,0.89,0.148,0.77,0.132,0.127,0.107],
[0.87,0.102,0.87,0.105,0.104,0.104,0.104,0.104,0.107,0.104,0.107,0.109,0.109,0.110,0.109,0.105,0.106,0.111,0.113,0.121,0.109,0.110,0.114,0.111,0.114,0.111,0.112,0.113,0.133,0.107,0.106,0.112,0.116,0.115,0.112,0.113,0.130,0.107,0.113,0.113,0.113,0.112,0.113,0.115,0.129],
[0],
[0.301,0.100,0.69,0.96,0.153,0.218,0.81,0.124,0.249],
[0],
[0],
[0],
[0],
[0.84,0.97,0.104,0.94,0.100,0.106,0.104,0.104,0.107,0.110,0.108,0.108,0.109,0.108,0.108,0.110,0.111,0.122,0.104,0.113,0.112,0.110,0.113,0.115,0.115,0.111,0.116,0.133,0.108,0.116,0.116,0.115,0.115,0.134,0.106,0.111,0.119,0.118,0.114,0.115,0.133,0.114,0.111,0.117],
[0.91,0.97,0.103,0.104,0.105,0.108,0.109,0.109,0.109,0.109,0.110,0.107,0.107,0.109,0.109,0.125,0.102,0.112,0.108,0.113,0.113,0.110,0.115,0.134,0.102,0.115,0.113,0.115,0.116,0.132,0.106,0.116,0.117,0.116,0.118,0.136,0.113,0.116,0.116,0.120,0.137,0.114,0.114,0.117],
[0.104,0.134],
[0],
[0],
[0]

#33 cis post 
[0.85,0.91,0.99,0.98,0.104,0.102,0.106,0.105,0.105,0.108,0.108,0.106,0.110,0.109,0.122,0.101,0.112,0.108,0.107,0.110,0.110,0.111,0.129,0.107,0.116,0.113,0.110,0.114,0.128,0.112,0.109,0.112,0.114,0.113,0.129,0.110,0.118,0.114,0.114,0.119,0.131,0.106,0.109,0.114,0.114],
[0.85,0.92,0.104,0.128,0.341,0.95,0.97,0.105,0.582,0.89,0.234,1.720,0.96],
[0.84,0.93,0.96,0.99,0.101,0.101,0.102,0.105,0.103,0.102,0.106,0.107,0.103,0.105,0.106,0.112,0.100,0.104,0.107,0.106,0.108,0.116,0.101,0.108,0.107,0.108,0.122,0.98,0.110,0.110,0.109,0.111,0.128,0.103,0.109,0.131,0.102,0.110,0.107,0.110,0.108,0.112,0.131,0.107,0.114,0.111],
[0.340,0.96,0.96,0.100,0.98,0.102,0.103,0.104,0.104,0.104,0.103,0.105,0.103,0.107,0.105,0.119,0.103,0.105,0.107,0.109,0.109,0.122,0.99,0.108,0.108,0.111,0.112,0.125,0.99,0.108,0.110,0.113,0.129,0.106,0.112,0.113,0.133,0.104,0.112,0.111,0.136,0.105,0.111],
[0],
[0.104],
[0.91,0.123,0.105,0.144,0.113,0.100,0.103,0.106,0.107,0.109,0.114,0.108,0.106,0.109,0.139,0.444,0.111,0.111,0.111,0.115,0.963,0.133,0.85,0.95,0.141,0.77,0.110,0.128,0.99,0.101,0.113,0.336],
[0],
[0],
[0.1237,0.198,0.203,0.215],
[0.154],
[0],
[0],
[0],
[0],
[0],
[0],
[0.88,0.98,0.115,0.109,0.111,0.114,0.114,0.150,0.510,0.239,0.266,0.232,0.110,0.149,0.79,0.122,0.148,0.77,0.104,0.169,0.102,0.124],
[0],
[0],
[0.87,0.102,0.108,0.103,0.102,0.105,0.108,0.113,0.107,0.109,0.107,0.106,0.113,0.105,0.110,0.119,0.103,0.110,0.109,0.115,0.109,0.115,0.108,0.117,0.110,0.129,0.103,0.116,0.116,0.117,0.118,0.115,0.118,0.116,0.132,0.110,0.115,0.115,0.115,0.113,0.133,0.121,0.125,0.153],
[0],
[0.85,0.89,0.97,0.99,0.104,0.104,0.105,0.106,0.100,0.106,0.107,0.107,0.108,0.116,0.107,0.109,0.107,0.111,0.113,0.109,0.112,0.124,0.105,0.114,0.109,0.116,0.116,0.115,0.116,0.115,0.130,0.106,0.114,0.115,0.116,0.120,0.124,0.121,0.132,0.115,0.114,0.118,0.122,0.119],
[0]

#34 post carvone 
[0.102,0.99,0.102,0.111,0.109,0.112,0.107,0.113,0.110,0.113,0.113,0.112,0.116,0.114,0.116,0.116,0.119,0.115,0.115,0.122,0.129,0.115,0.121,0.125,0.121,0.123,0.126,0.123,0.122,0.127,0.127,0.145,0.116,0.127,0.115,0.123,0.124,0.124,0.135,0.125,0.131,0.130],
[0.97,0.105,0.123,0.106,0.118,0.112,0.108,0.112,0.108,0.111,0.112,0.111,0.120,0.121,0.110,0.115,0.113,0.118,0.111,0.115,0.116,0.115,0.117,0.126,0.115,0.120,0.115,0.118,0.116,0.120,0.122,0.117,0.122,0.127,0.113,0.124,0.119,0.124,0.121,0.133,0.115,0.120],
[0],
[0.826],
[0],
[0.284,0.52,0.107,0.113],
[0.115,0.92,0.96,0.103,0.100,0.105,0.108,0.105,0.104,0.107,0.103,0.103,0.105,0.106,0.108,0.102,0.110,0.108,0.109,0.110,0.113,0.110,0.111,0.107,0.108,0.114,0.111,0.122,0.109,0.111,0.112,0.114,0.119,0.114,0.124,0.116,0.119,0.115,0.117,0.116,0.121,0.118,0.117,0.112,0.117],
[0.96,0.98,0.105,0.110,0.110,0.110,0.107,0.110,0.111,0.107,0.110,0.110,0.111,0.109,0.109,0.114,0.120,0.111,0.112,0.111,0.111,0.116,0.132,0.124,0.113,0.120,0.127,0.105,0.114,0.112,0.116,0.125,0.113,0.115,0.113,0.115,0.129,0.115,0.117,0.117,0.118,0.120,0.120],
[0.107,0.94,0.107,0.108,0.105,0.129,0.100,0.105,0.110,0.117,0.382,0.103,0.106,0.107,0.129,0.120,0.114,0.124,0.122,0.108,0.113,0.118,0.123,0.129,0.153,0.141,0.147,0.169,0.161,0.155,0.129,0.125,0.131,0.337,0.178,0.119],
[0.71,0.92,0.103,0.101,0.109,0.103,0.107,0.106,0.105,0.103,0.103,0.103,0.105,0.114,0.102,0.107,0.107,0.105,0.108,0.109,0.109,0.119,0.110,0.111,0.109,0.112,0.110,0.111,0.111,0.126,0.113,0.109,0.109,0.113,0.112,0.115,0.121,0.130,0.112,0.113,0.115,0.114,0.117,0.118,0.127],
[0.79,0.92,0.99,0.105,0.106,0.103,0.103,0.104,0.105,0.104,0.105,0.105,0.109,0.106,0.105,0.111,0.107,0.108,0.109,0.125,0.104,0.107,0.108,0.110,0.109,0.107,0.113,0.120,0.112,0.110,0.109,0.113,0.111,0.113,0.115,0.127,0.114,0.117,0.116,0.117,0.114,0.115,0.129,0.113,0.113],
[0.74,0.103,0.100,0.103,0.100,0.106,0.106,0.107,0.105,0.111,0.105,0.103,0.109,0.104,0.108,0.105,0.119,0.105,0.110,0.106,0.109,0.110,0.112,0.121,0.115,0.113,0.110,0.123,0.108,0.109,0.115,0.111,0.112,0.117,0.118,0.127,0.115,0.112,0.111,0.116,0.120,0.129,0.112,0.113,0.116],
[0.111,0.115,0.252,0.111,0.110,0.115,0.127],
[0.94,0.109,0.109,0.108,0.112,0.105,0.104,0.111,0.108,0.107,0.107,0.106,0.109,0.119,0.106,0.107,0.108,0.107,0.109,0.109,0.110,0.113,0.112,0.122,0.111,0.108,0.113,0.112,0.114,0.111,0.114,0.124,0.106,0.114,0.113,0.111,0.113,0.127,0.116,0.112,0.111,0.116,0.118,0.117],
[0.122,0.120,0.362,0.109,1.336,0.105,0.141],
[0.91,0.114,0.127,0.105,0.100,0.109,0.114,0.123],
[0],
[0],
[0.103],
[0.97,0.97,0.102,0.108,0.104,0.106,0.104,0.101,0.105,0.108,0.108,0.104,0.107,0.114,0.107,0.103,0.106,0.114,0.106,0.114,0.107,0.109,0.114,0.111,0.112,0.123,0.108,0.114,0.112,0.109,0.112,0.115,0.114,0.112,0.128,0.112,0.114,0.111,0.114,0.113,0.129,0.111,0.117,0.112,0.121],
[0.93,0.103,0.104,0.110,0.114,0.111,0.105,0.110,0.107,0.108,0.110,0.111,0.108,0.112,0.110,0.117,0.121,0.110,0.113,0.111,0.113,0.116,0.117,0.111,0.113,0.129,0.107,0.116,0.114,0.115,0.114,0.111,0.119,0.127,0.113,0.115,0.109,0.114,0.118,0.130,0.117,0.120,0.116,0.117],
[0.88,0.105,0.117,0.107,0.106,0.110,0.115,0.117,0.126],
[0.87,0.102,0.103,0.111,0.112,0.109,0.112,0.111,0.106,0.110,0.109,0.106,0.112,0.111,0.107,0.110,0.126,0.104,0.115,0.111,0.114,0.110,0.111,0.113,0.122,0.111,0.114,0.110,0.111,0.113,0.110,0.124,0.112,0.111,0.114,0.114,0.113,0.121,0.135,0.111,0.113,0.112,0.115,0.115],
[4.668]

#34 post cis
[0.92,0.102,0.108,0.113,0.111,0.111,0.112,0.113,0.114,0.118,0.116,0.117,0.128,0.112,0.108,0.120,0.119,0.117,0.118,0.122,0.124,0.120,0.119,0.131,0.117,0.121,0.119,0.121,0.121,0.121,0.135,0.120,0.120,0.118,0.125,0.126,0.127,0.119,0.150,0.113,0.125,0.122],
[0.90,0.95,0.106,0.107,0.107,0.107,0.109,0.115,0.150,0.116,0.117,0.113,0.143,0.126,0.163,0.113,0.254,0.106,0.2149],
[0.82,0.111,0.105,0.110,0.110,0.110,0.106,0.109,0.106,0.107,0.107,0.106,0.116,0.108,0.114,0.108,0.109,0.110,0.110,0.109,0.112,0.112,0.115,0.122,0.111,0.110,0.114,0.112,0.111,0.117,0.115,0.124,0.113,0.117,0.119,0.117,0.126,0.119,0.111,0.116,0.119,0.119,0.132,0.119],
[0.84,0.101,0.93,0.113,0.104,0.105,0.109,0.104,0.109,0.108,0.106,0.108,0.109,0.111,0.119,0.110,0.110,0.107,0.112,0.109,0.112,0.115,0.115,0.124,0.112,0.112,0.113,0.113,0.114,0.114,0.126,0.113,0.116,0.117,0.117,0.118,0.117,0.135,0.114,0.118,0.117,0.117,0.120,0.130],
[0.246],
[0],
[0.92,0.102,0.102,0.108,0.106,0.105,0.103,0.107,0.105,0.109,0.106,0.110,0.107,0.105,0.117,0.109,0.110,0.108,0.112,0.107,0.108,0.116,0.126,0.112,0.111,0.114,0.114,0.114,0.116,0.117,0.122,0.112,0.115,0.118,0.116,0.117,0.126,0.110,0.115,0.116,0.117,0.135,0.113,0.119],
[0.226,3.020],
[0.422,0.283],
[0.89,0.98,0.101,0.106,0.110,0.103,0.104,0.102,0.105,0.103,0.103,0.103,0.106,0.102,0.115,0.102,0.104,0.109,0.110,0.108,0.109,0.108,0.124,0.105,0.107,0.106,0.111,0.111,0.108,0.113,0.111,0.111,0.109,0.120,0.112,0.115,0.112,0.114,0.115,0.115,0.124,0.114,0.112,0.116,0.117],
[0],
[0.458,0.111,0.110,0.123,0.149,0.110,0.109],
[0],
[0.88,0.101,0.100,0.105,0.126,0.122,0.108,0.103,0.105,0.111,0.108,0.106,0.106,0.106,0.104,0.107,0.122,0.109,0.105,0.110,0.111,0.109,0.108,0.108,0.107,0.113,0.120,0.114,0.114,0.111,0.112,0.116,0.117,0.116,0.116,0.131,0.111,0.109,0.114,0.116,0.126,0.110,0.117,0.113],
[0.131,0.130],
[0.72,0.122,0.210,0.126],
[0],
[0.87,0.91,0.103,0.103,0.103,0.107,0.109,0.111,0.110,0.110,0.106,0.107,0.109,0.106,0.107,0.110,0.110,0.109,0.119,0.110,0.111,0.105,0.112,0.107,0.110,0.112,0.120,0.125,0.110,0.109,0.111,0.111,0.114,0.113,0.118,0.115,0.122,0.109,0.116,0.109,0.115,0.117,0.115,0.113,0.128],
[0.79,0.96,0.101,0.110,0.108,0.106,0.108,0.108,0.109,0.111,0.114,0.122,0.104,0.109,0.106,0.112,0.114,0.113,0.116,0.127,0.115,0.112,0.113,0.118,0.115,0.111,0.114,0.134,0.115,0.118,0.120,0.115,0.116,0.117,0.116,0.124,0.114,0.118,0.114,0.120,0.116,0.120,0.135],
[0.95,0.107,0.107,0.111,0.114,0.112,0.110,0.113,0.113,0.111,0.109,0.113,0.113,0.115,0.121,0.111,0.111,0.114,0.111,0.113,0.117,0.114,0.118,0.130,0.108,0.117,0.115,0.113,0.115,0.115,0.120,0.133,0.117,0.122,0.115,0.116,0.118,0.130,0.115,0.117,0.119,0.122,0.115],
[0.87,0.103,0.96,0.115,0.109,0.111,0.113,0.109,0.107,0.111,0.112,0.113,0.116,0.124,0.112,0.117,0.112,0.114,0.109,0.114,0.116,0.120,0.132,0.120,0.118,0.117,0.116,0.115,0.114,0.109,0.120,0.113,0.113,0.117,0.117,0.118,0.118,0.133,0.116,0.118,0.116,0.117,0.118],
[0],
[0.88,0.99,0.96,0.104,0.107,0.105,0.110,0.110,0.100,0.106,0.105,0.104,0.105,0.104,0.107,0.112,0.110,0.109,0.108,0.111,0.111,0.108,0.107,0.109,0.111,0.116,0.116,0.111,0.111,0.112,0.126,0.107,0.112,0.114,0.118,0.113,0.113,0.129,0.113,0.112,0.122,0.120,0.120,0.117,0.119],
[0]

#35 post carvone 
[0.97,0.104,0.110,0.111,0.110,0.113,0.115,0.110,0.116,0.113,0.122,0.115,0.134,0.113,0.120,0.119,0.120,0.131,0.111,0.133,0.121,0.126,0.146,0.107,0.121,0.125,0.164,0.104,0.126,0.129,0.127,0.160,0.112,0.135,0.132,0.122,0.128,0.132,0.154,0.118],
[0.105,0.145,0.349,0.97,0.103,0.115,0.122,0.122,0.129,0.124,0.131,0.132,0.125,0.134,0.140,0.136,0.138,0.146,0.727,0.120,0.126,0.128],
[0.100,0.107,0.103,0.112,0.124,0.126,0.130,0.125,0.129,0.126,0.148,0.133,0.148,0.156,0.161,0.633,0.115,0.118,0.144,0.146,0.547,0.121,0.142,0.128,0.135,0.133],
[0.128,0.131,0.109,0.115,0.121,0.129,0.132,0.138],
[0.110,0.250,0.104,0.105,0.114,0.122,0.124,0.142,0.729,1.805],
[0.356,0.132],
[0.153,0.102,0.103,0.117,0.116,0.114,0.121,0.121,0.111,0.117,0.112,0.116,0.109,0.113,0.113,0.118,0.111,0.117,0.112,0.115,0.113,0.110,0.130,0.107,0.115,0.112,0.120,0.116,0.118,0.119,0.113,0.118,0.120,0.120,0.138,0.114,0.125,0.121,0.120,0.122,0.117,0.116],
[0.99,0.101,0.112,0.108,0.108,0.111,0.109,0.112,0.116,0.114,0.111,0.109,0.111,0.134,0.104,0.121,0.111,0.122,0.111,0.118,0.115,0.121,0.140,0.107,0.111,0.113,0.121,0.122,0.127,0.119,0.127,0.114,0.119,0.122,0.127,0.148,0.114,0.127,0.117,0.124,0.120,0.126],
[0.149,0.110,0.133,0.174],
[0.167,1.459],
[0.92,0.94,0.104,0.109,0.115,0.117,0.937,0.110,0.124],
[0.295,0.104,0.95,0.105,0.107,0.104,0.102,0.108,0.112,0.104,0.106,0.109,0.100,0.115,0.109,0.122,0.103,0.118,0.104,0.109,0.108,0.107,0.110,0.109,0.111,0.112,0.127,0.106,0.119,0.113,0.115,0.112,0.117,0.115,0.116,0.109,0.118,0.115,0.133,0.110,0.121,0.116,0.112],
[0.115,0.675,0.455,0.111,0.304],
[0],
[0.133,0.289],
[0.96,0.112,0.116,0.131,0.131],
[0.246,0.60],
[0.102,0.129,0.411,0.149],
[0.129,0.350,0.148,0.286,0.122],
[0.93,0.108,0.100,0.99,0.103,0.103,0.103,0.104,0.105,0.103,0.104,0.105,0.108,0.107,0.106,0.110,0.125,0.99,0.107,0.111,0.111,0.112,0.115,0.117,0.112,0.119,0.145,0.106,0.125,0.115,0.118,0.137,0.109,0.114,0.115,0.113,0.114,0.117,0.136,0.104,0.119,0.111,0.123,0.118],
[0.97,0.98,0.97,0.112,0.109,0.107,0.105,0.106,0.99,0.105,0.105,0.104,0.104,0.107,0.107,0.107,0.106,0.124,0.97,0.113,0.110,0.110,0.112,0.109,0.111,0.112,0.130,0.108,0.119,0.114,0.118,0.115,0.126,0.115,0.117,0.134,0.115,0.131,0.120,0.119,0.116,0.124,0.133,0.118],
[0],
[0.390],
[0]

#35 post cis 
[0.99,0.114,0.118,0.112,0.117,0.119,0.120,0.118,0.125,0.136,0.116,0.121,0.119,0.123,0.121,0.119,0.127,0.123,0.122,0.146,0.112,0.120,0.124,0.132,0.123,0.132,0.147,0.123,0.125,0.139,0.134,0.145,0.119,0.137,0.134,0.155,0.116,0.129,0.135],
[0.87,0.99,0.107,0.109,0.107,0.116,0.129,0.116,0.118,0.115,0.120,0.124,0.487,0.121,0.344,0.1445,0.105,0.120,0.126,0.135,0.112,0.124],
[0.107,0.121,0.75,0.110,0.108,0.106,0.106,0.110,0.110,0.107,0.109,0.112,0.116,0.123,0.106,0.111,0.112,0.117,0.116,0.131,0.112,0.114,0.113,0.120,0.119,0.130,0.115,0.120,0.115,0.126,0.117,0.288,0.114,0.103,0.122,0.118,0.133,0.120,0.120,0.122,0.124],
[0.100,0.112,0.126,0.102,0.124,0.115,0.111,0.108,0.109,0.110,0.113,0.116,0.110,0.117,0.127,0.106,0.110,0.115,0.114,0.119,0.115,0.133,0.104,0.113,0.115,0.119,0.125,0.116,0.125,0.119,0.120,0.119,0.125,0.288,0.114,0.124,0.116,0.120,0.121,0.133,0.130],
[0.760],
[0.329,0.102,0.110,0.117,0.131],
[0.158,0.102,0.110,0.135,0.133,0.2376,0.125,0.387],
[0],
[0.102,0.116],
[0.102,0.101,0.196,0.106,0.114,0.102,0.107,0.108,0.106,0.103,0.112,0.105,0.113,0.110,0.110,0.108,0.123,0.97,0.116,0.109,0.113,0.109,0.112,0.113,0.115,0.118,0.130,0.105,0.121,0.135,0.117,0.340,0.118,0.118,0.131,0.139,0.132,0.135,0.106,0.123,0.117],
[0],
[0.135,1.604,0.142,0.396],
[0],
[0],
[0.861],
[0],
[0.116,0.123,0.133,0.466,0.121,0.140],
[0.621],
[0.122],
[0.899],
[0.127,0.127,0.134,0.180,0.177,2.310],
[0.98,0.105,0.107,0.102,0.103,0.105,0.107,0.105,0.105,0.103,0.126,0.99,0.104,0.106,0.107,0.108,0.110,0.131,0.101,0.119,0.112,0.115,0.111,0.113,0.111,0.117,0.138,0.105,0.112,0.111,0.110,0.113,0.124,0.115,0.116,0.135,0.106,0.116,0.110,0.120,0.116,0.136,0.111,0.120],
[0.110,0.120,0.137],
[0.93,0.113,0.105,0.103,0.101,0.105,0.104,0.106,0.105,0.104,0.110,0.106,0.105,0.109,0.107,0.124,0.95,0.115,0.108,0.110,0.157,0.116,0.110,0.111,0.123,0.488,0.115],
[0]

####### MERGED DATA 
condition_1 = [
    [0.113,0.135,0.118,0.179,0.117,0.125,0.159,0.112,0.128,0.117,0.131,0.125,0.131,0.137,0.134,1.162,0.104,0.112,0.117,0.121,0.133,0.130,0.135,0.130,0.173,0.116],
    [0.88,0.108,0.118,0.121,0.126,0.128,0.132,0.128,0.163,0.462,0.115,0.114,0.119,0.124,0.129,0.123,0.169,0.430,0.122,0.127,0.128,0.132,0.548,0.67,0.126],
    [4.062],
    [0.99,0.99,0.104,0.106,0.111,0.115,0.117,0.118,0.120,0.118,0.119,0.116,0.118,0.120,0.117,0.119,0.116,0.117,0.118,0.118,0.124,0.121,0.119,0.123,0.121,0.118,0.130,0.121,0.119,0.125,0.123,0.126,0.127,0.129,0.127,0.123,0.127,0.125,0.136,0.121,0.122],
    [2.175],
    [0.104,0.141],
    [0.108,0.166,0.122,0.426,0.124,2.123,0.137,0.130,0.334,0.105,0.110,0.105,0.112,0.112,0.115,0.116,0.109,0.116,0.121,0.116],
    [0.91,0.99,0.109,0.108,0.106,0.107,0.110,0.115,0.112,0.115,0.111,0.123,0.115,0.116,0.121,0.123,0.123,0.124,0.121,0.130,0.120,0.134,0.132,0.122,0.113,0.122,0.127,0.121,0.118,0.128,0.121,0.115,0.117,0.121,0.123,0.119,0.139,0.114,0.128,0.124,0.121,0.111],
    [0.100,0.163,0.104,0.126,0.756,0.100,0.113,0.123],
    [0.110,2.505,0.104,0.462,0.129,0.247],
    [0.92,0.104,0.118,0.101,0.107,0.112,0.111,0.110,0.120,0.117,0.118,0.115,0.120,0.118,0.122,0.116,0.126,0.119,0.122,0.120,0.118,0.130,0.122,0.118,0.117,0.124,0.122,0.122,0.118,0.120,0.124,0.126,0.118,0.126,0.136,0.126,0.110,0.125,0.124,0.119,0.124,0.124],
    [0.91,0.98,0.105,0.103,0.108,0.111,0.110,0.110,0.118,0.113,0.116,0.112,0.115,0.121,0.114,0.121,0.121,0.120,0.103,0.138,0.114,0.113,0.127,0.112,0.110,0.108,0.108,0.654,0.119,0.118,0.105,0.128],
    [0.981,1.271,0.114],
    [0.101,0.111,0.106,0.97,0.110,1.028,0.89,0.100,0.111,0.115,0.112,0.116,0.119,0.113,0.115,0.117,0.125,0.111,0.95,0.103,0.115,0.108,0.111,0.121,0.119,0.120,0.112,0.124,0.121,0.112,0.125,0.119,0.116,0.124,0.121,0.121],
    [0.95,0.96,0.99,0.107,0.112,0.112,0.109,0.110,0.116,0.115,0.109,0.113,0.111,0.109,0.115,0.119,0.115,0.115,0.114,0.119,0.118,0.127,0.119,0.115,0.114,0.123,0.117,0.112,0.124,0.113,0.113,0.122,0.123,0.115,0.109,0.124,0.124,0.120,0.117,0.118,0.120,0.121,0.111],
    [0.95,0.105,0.113,0.101,0.108,0.107,0.114,0.111,0.116,0.111,0.118,0.124,0.122,0.119,0.117,0.116,0.115,0.121,0.114,0.119,0.114,0.112,0.122,0.112,0.115,0.119,0.117,0.124,0.121,0.117,0.119,0.126,0.125,0.137,0.115,0.120,0.121,0.119,0.103,0.121,0.130,0.118],
    [0.108,0.134,0.339,0.113,0.139,0.156,0.118,0.123,0.903,0.121,0.488,0.103,0.116,0.128,0.121,0.526,0.119,0.134,0.120,0.129,0.462,0.108,0.107],
    [0.88,0.90,0.102,0.102,0.109,0.108,0.112,0.106,0.115,0.117,0.110,0.119,0.112,0.115,0.117,0.117,0.123,0.115,0.117,0.121,0.119,0.113,0.113,0.115,0.119,0.113,0.122,0.129,0.118,0.113,0.124,0.119,0.119,0.119,0.112,0.122,0.122,0.127,0.121,0.113,0.131,0.115,0.115],
    [0.92,0.95,0.102,0.107,0.112,0.112,0.115,0.115,0.112,0.111,0.119,0.110,0.121,0.115,0.123,0.115,0.112,0.117,0.110,0.126,0.126,0.117,0.118,0.119,0.123,0.117,0.119,0.120,0.113,0.119,0.121,0.119,0.125,0.121,0.119,0.120,0.133,0.114,0.125,0.113,0.131,0.122],
    [0.94,0.102,0.109,0.104,0.112,0.114,0.112,0.110,0.120,0.111,0.123,0.121,0.116,0.126,0.121,0.114,0.116,0.116,0.122,0.115,0.118,0.130,0.121,0.115,0.106,0.122,0.119,0.120,0.119,0.119,0.116,0.127,0.120,0.125,0.121,0.121,0.117,0.127,0.119,0.121,0.119,0.121],
    [0.113,0.159,0.125,0.821,0.111,0.834,0.110,0.112,0.331,0.2130],
    [0.100,0.93,0.101,0.107,0.112,0.109,0.115,0.113,0.116,0.112,0.113,0.115,0.119,0.112,0.113,0.119,0.115,0.116,0.121,0.114,0.113,0.118,0.119,0.122,0.118,0.124,0.116,0.119,0.123,0.115,0.127,0.122,0.123,0.115,0.117,0.122,0.114,0.116,0.112,0.137,0.115,0.118,0.114],
    [0],
    [4.856,0.116],
    [0.130,0.128,0.141,0.148,0.144,0.145,0.150,0.148,0.148,0.158,0.147,0.171,0.696,0.129,0.138,0.150,0.151,0.169,0.150,0.151,0.917,0.136,0.178],
    [0.101,0.119,0.172,0.180,0.202,0.138,0.113,0.121],
    [0.111,1.258],
    [0.99,0.108,0.116,0.122,0.123,0.116,0.117,0.118,0.120,0.124,0.122,0.119,0.123,0.125,0.122,0.120,0.119,0.126,0.128,0.130,0.138,0.150,0.159,0.141,0.146,0.162,0.135,0.128,0.126,0.129,0.126,0.134,0.130,0.134,0.135,0.140,0.127,0.131,0.131],
    [0.112,0.644],
    [0.98],
    [0.105,0.107,0.119,0.110,0.109,0.106,0.110,0.112,0.114,0.112,0.115,0.112,0.124,0.118,0.114,0.121,0.121,0.124,0.121,0.120,0.122,0.122,0.123,0.124,0.126,0.121,0.122,0.119,0.124,0.124,0.141,0.135,0.140,0.143,0.134,0.125,0.127,0.127,0.130,0.130,0.135],
    [0.103,0.107,0.115,0.111,0.115,0.110,0.123,0.118,0.108,0.120,0.123,0.118,0.117,0.117,0.119,0.115,0.120,0.121,0.121,0.119,0.125,0.126,0.131,0.135,0.128,0.130,0.133,0.128,0.128,0.127,0.128,0.129,0.124,0.127,0.126,0.127,0.138,0.124,0.122,0.125],
    [0.101,0.107,0.150,0.163],
    [0.142,0.303],
    [0.97,0.123,0.139,0.106,0.102,0.110,0.107,0.110,0.116,0.116,0.117,0.118,0.124,0.119,0.122,0.122,0.122,0.123,0.122,0.126,0.129,0.123,0.122,0.127,0.126,0.127,0.131,0.144,0.124,0.126,0.128,0.119,0.124,0.124,0.121,0.132,0.128,0.118,0.118,0.123,0.127],
    [0.97,0.98,0.104,0.111,0.111,0.111,0.114,0.117,0.116,0.118,0.118,0.124,0.135,0.143,0.133,0.128,0.121,0.115,0.117,0.119,0.121,0.118,0.127,0.133,0.133,0.134,0.134,0.141,0.134,0.123,0.126,0.121,0.120,0.123,0.119,0.127,0.348,0.104,0.113],
    [0.101,4.596],
    [0.86,0.92,0.102,0.102,0.107,0.109,0.108,0.112,0.111,0.112,0.110,0.113,0.105,0.114,0.120,0.117,0.125,0.124,0.120,0.120,0.112,0.128],
    [0.88,0.94,0.111,0.114,0.113,0.112,0.109,0.112,0.116,0.119,0.118,0.118,0.117,0.128,0.124,0.123,0.126,0.129,0.127,0.120,0.125,0.125,0.120,0.127,0.131,0.120,0.119,0.124,0.313,0.105,0.113,0.116,0.115,0.125,0.123,0.137,0.124,0.127,0.123,0.122],
    [0.102,0.146,0.152,0.104,0.106,0.111,0.104,0.98,0.107,0.110,0.112,0.115,0.97,0.113,0.118,0.112,0.110,0.110,0.117,0.120,0.107,0.116,0.119,0.113,0.118,0.116,0.122,0.128,0.116,0.117,0.115,0.115,0.124,0.125,0.117,0.109,0.100,0.115,0.118,0.105,0.124,0.111,0.127],
    [0.282,0.193,1.137,1.064,0.104,0.502,0.307,1.071],
    [0.186,0.86,0.93,0.101,0.103,0.110,0.111,0.105,0.105,0.114,0.110,0.113,0.114,0.128,0.3110,0.94,0.105,0.110],
    [0.100,0.101,0.108,0.117,0.112,0.118,0.117,0.119,0.115,0.117,0.116,0.119,0.130],
    [0.105,0.113,0.107,0.111,0.116,0.113,0.110,0.107,0.112,0.113,0.113,0.115,0.116,0.116,0.111,0.117,0.117,0.121,0.119,0.117,0.115,0.116,0.120,0.119,0.127,0.123,0.120,0.119,0.128,0.119,0.119,0.121,0.125,0.119,0.122,0.117],
    [0],
    [0.86,0.95,0.99,0.104,0.108,0.110,0.111,0.112,0.109,0.113,0.111,0.116,0.118,0.119,0.128,0.118,0.118,0.117,0.117,0.118,0.121,0.122,0.124,0.126,0.126,0.127,0.119,0.121,0.123,0.133,0.123,0.127,0.126,0.119,0.120,0.119,0.124,0.125,0.135,0.108],
    [0.513,0.116],
    [0],
    [0.666,0.137],
    [0.217,0.106,0.514,0.257,0.119,0.1203,0.160],
    [0],
    [0.111,0.129,0.104,0.118,0.123,0.124,0.121,0.129,0.125,0.135,0.131,0.138,0.134,0.129,0.135,0.131,0.137,0.134,0.143,0.135,0.140,0.144,0.140,0.141,0.136,0.146,0.323,0.213,0.433,0.121,0.128,0.142,0.121],
    [1.558,0.110,0.118],
    [0],
    [0],
    [0.236,0.116,0.108,0.117,0.120,0.116,0.121,0.115,0.124,0.122,0.126,0.128,0.125,0.121,0.154,0.140,0.132,0.126,0.120,0.128,0.122,0.124,0.134,0.135,0.123,0.126,0.129,0.128,0.132,0.133,0.138,0.135,0.130,0.142,0.127,0.126,0.137,0.131],
    [0],
    [0.111,0.159,1.012],
    [0.105,0.136,0.312,0.98,0.106,0.115,0.110,0.116,0.120,0.121,0.128,0.128,0.128,0.124,0.126,0.129,0.130,0.131,0.127,0.124,0.121,0.122,0.133,0.128,0.132,0.125,0.130,0.129,0.127,0.121,0.130,0.134,0.133,0.138,0.137,0.128,0.130,0.127],
    [0.109,0.95,0.105,0.111,0.111,0.113,0.117,0.123,0.118,0.123,0.129,0.120,0.129,0.127,0.132,0.123,0.124,0.127,0.123,0.133,0.134,0.127,0.137,0.126,0.126,0.135,0.123,0.122,0.111,0.109,0.125,1.207],
    [0],
    [0.117,0.120,0.113,0.108,0.275,0.112,0.108,0.112,0.118,0.121,0.119,0.112,0.122,0.126,0.122,0.127,0.123,0.125,0.128,0.119,0.126,0.124,0.118,0.104,0.128,0.106,0.130,0.121,0.105,0.127,0.117,0.129,0.129,0.117,0.131,0.131,0.124,0.140,0.132,0.131],
    [0.94,0.107,0.103,0.115,0.120,0.112,0.107,0.108,0.120,0.117,0.124,0.125,0.127,0.125,0.125,0.120,0.119,0.117,0.130,0.133,0.123,0.122,0.132,0.128,0.119,0.132,0.129,0.131,0.126,0.132,0.135,0.130,0.141,0.128,0.124,0.128,0.135,0.135,0.136,0.140],
    [0.105,0.135,0.239,0.111,0.117,0.113,0.116,0.122,0.124,0.130,0.125,0.122,0.126,0.129,0.124,0.123,0.131,0.132,0.127,0.132,0.126,0.118,0.126,0.130,0.128,0.127,0.117,0.130,0.131,0.126,0.140,0.121,0.127,0.137,0.131,0.121,0.138,0.134],
    [0],
    [0.101,0.102,0.113,0.113,0.114,0.114,0.112,0.117,0.117,0.121,0.122,0.118,0.124,0.121,0.117,0.121,0.117,0.119,0.120,0.114,0.117,0.127,0.126,0.121,0.121,0.119,0.122,0.122,0.124,0.128,0.124,0.119,0.131,0.126,0.123,0.125,0.128,0.136,0.126,0.121,0.123],
    [0.94,0.96,0.100,0.107,0.117,0.111,0.115,0.119,0.121,0.121,0.125,0.129,0.125,0.121,0.114,0.123,0.119,0.133,0.132,0.126,0.129,0.131,0.120,0.136,0.136,0.132,0.133,0.130,0.131,0.131,0.132,0.133,0.133,0.133,0.135,0.127,0.132,0.137,0.136,0.136],
    [0.98,0.99,0.108,0.118,0.109,0.118,0.117,0.122,0.117,0.119,0.126,0.132,0.124,0.128,0.129,0.128,0.134,0.121,0.122,0.128,0.132,0.126,0.127,0.127,0.133,0.134,0.127,0.129,0.130,0.137,0.138,0.134,0.127,0.138,0.145,0.127,0.129,0.119,0.118],
    [0],
    [0.100,0.103,0.130,0.117,0.110,0.109,0.116,0.119,0.115,0.121,0.120,0.118,0.117,0.110,0.117,0.124,0.120,0.121,0.117,0.121,0.127,0.120,0.118,0.117,0.126,0.126,0.121,0.119,0.119,0.122,0.128,0.126,0.119,0.127,0.125,0.123,0.127,0.123,0.129,0.130,0.114],
    [0],
    [0]
condition_2 = [
    [0.114,0.100,0.116,0.118,0.112,0.765,0.105,0.122,0.123,0.108,0.588,0.118,0.117,0.126,0.119,0.128,0.126,0.221,0.113,0.118,0.142,0.119,0.129,0.245,0.106,0.115,0.132,0.147,0.128,0.118],
    [0.100,0.103,0.112,0.117,0.116,0.120,0.122,0.120,0.118,0.118,0.126,0.119,0.120,0.118,0.125,0.122,0.124,0.125,0.130,0.128,0.122,0.123,0.121,0.130,0.127,0.134,0.125,0.121,0.122,0.121,0.124,0.126,0.131,0.125,0.140,0.122,0.121,0.124,0.130,0.127],
    [0.98,0.103,0.127,1.161,0.101,0.116,0.125,0.123,0.125,0.260,0.558,0.118,0.121,0.680,0.218,0.121,0.111],
    [0.92,0.96,0.101,0.103,0.110,0.111,0.114,0.110,0.116,0.115,0.112,0.116,0.117,0.115,0.118,0.116,0.114,0.118,0.117,0.127,0.121,0.114,0.123,0.120,0.125,0.133,0.123,0.114,0.125,0.116,0.138,0.118,0.117,0.131,0.130,0.128,0.127,0.123,0.135,0.126,0.113,0.124],
    [0],
    [0.115,0.103,0.114,0.111,0.130,0.423,0.132,0.562,0.111],
    [0.104,0.126,0.152,0.116,0.107,0.115,0.150,0.462,0.108,0.123],
    [0.91,0.98,0.111,0.103,0.106,0.107,0.109,0.112,0.115,0.111,0.112,0.110,0.114,0.110,0.111,0.112,0.113,0.118,0.114,0.131,0.114,0.111,0.119,0.117,0.121,0.114,0.119,0.118,0.118,0.117,0.121,0.130,0.123,0.115,0.114,0.114,0.121,0.122,0.127,0.123,0.116,0.125,0.121],
    [0.136],
    [0.93,0.104,0.107,0.110,0.112,0.113,0.110,0.115,0.115,0.116,0.128,0.110,0.113,0.113,0.118,0.118,0.117,0.118,0.120,0.136,0.122,0.120,0.118,0.122,0.137,0.118,0.116,0.121,0.123,0.139,0.124,0.122,0.123,0.123,0.123,0.126,0.122,0.145,0.121,0.132,0.135],
    [0.88,0.94,0.93,0.102,0.108,0.111,0.114,0.113,0.114,0.115,0.114,0.113,0.115,0.112,0.115,0.115,0.117,0.120,0.121,0.123,0.123,0.122,0.125,0.126,0.118,0.118,0.118,0.113,0.120,0.117,0.121,0.118,0.118,0.119,0.134,0.125,0.117,0.118,0.118,0.123,0.119,0.121,0.118],
    [0.88,0.96,0.99,0.105,0.111,0.110,0.108,0.113,0.115,0.113,0.118,0.117,0.113,0.112,0.114,0.116,0.118,0.117,0.124,0.114,0.112,0.119,0.120,0.117,0.113,0.113,0.113,0.138,0.113,0.112,0.122,0.116,0.115,0.122,0.134,0.120,0.123,0.123,0.121,0.124,0.138,0.108,0.116],
    [0.104,0.189],
    [0.113,0.165,0.137,0.110,1.422,0.102,0.126],
    [0.108,0.120,0.145,2.419,0.126,0.110],
    [0.88,0.98,0.97,0.103,0.104,0.105,0.107,0.108,0.110,0.108,0.108,0.113,0.111,0.112,0.114,0.110,0.112,0.111,0.125,0.111,0.113,0.111,0.110,0.116,0.111,0.116,0.115,0.126,0.112,0.110,0.110,0.115,0.116,0.122,0.112,0.115,0.117,0.129,0.110,0.116,0.116,0.130,0.114,0.114],
    [0.95,0.314,0.127],
    [0.89,0.89,0.100,0.103,0.104,0.107,0.108,0.108,0.110,0.109,0.109,0.109,0.110,0.110,0.111,0.112,0.109,0.112,0.122,0.112,0.111,0.111,0.112,0.111,0.112,0.112,0.126,0.108,0.113,0.113,0.110,0.115,0.117,0.120,0.130,0.118,0.120],
    [0.128,0.141,2.144,1.578,0.99],
    [0.85,0.106,0.97,0.103,0.103,0.104,0.106,0.106,0.105,0.108,0.103,0.107,0.109,0.107,0.110,0.110,0.124,0.104,0.105,0.106,0.109,0.115,0.116,0.109,0.109,0.121,0.108,0.110,0.111,0.113,0.121,0.114,0.113,0.121,0.112,0.107,0.112,0.113,0.116,0.125,0.111,0.112,0.114,0.120,0.133],
    [0.92,0.93,0.100,0.102,0.107,0.107,0.111,0.108,0.111,0.109,0.113,0.116,0.114,0.112,0.115,0.116,0.117,0.115,0.111,0.121,0.113,0.110,0.113,0.112,0.117,0.115,0.111,0.117,0.109,0.121,0.126,0.116,0.118,0.118,0.120,0.120,0.113,0.119,0.131,0.115,0.111,0.118,0.115,0.120],
    [0.85,0.93,0.106,0.107,0.107,0.104,0.108,0.109,0.110,0.110,0.111,0.109,0.106,0.113,0.122,0.109,0.106,0.113,0.112,0.111,0.110,0.124,0.108,0.109,0.112,0.112,0.116,0.128,0.108,0.107,0.110,0.114,0.129,0.114,0.110,0.113,0.133,0.116,0.110,0.112,0.113,0.116,0.117,0.134],
    [0.83,0.97,0.101,0.103,0.106,0.107,0.111,0.109,0.115,0.115,0.116,0.115,0.110,0.117,0.113,0.119,0.104,0.107,0.115,0.115,0.114,0.112,0.116,0.112,0.128,0.121,0.116,0.116,0.117,0.118,0.111,0.134,0.111,0.114,0.112,0.116,0.114,0.118,0.132,0.117,0.112,0.113,0.124,0.118],
    [0.95,0.103,0.101,0.108,0.108,0.109,0.111,0.111,0.111,0.114,0.115,0.111,0.116,0.117,0.127,0.112,0.110,0.114,0.114,0.117,0.114,0.115,0.126,0.114,0.109,0.116,0.119,0.115,0.114,0.131,0.115,0.111,0.116,0.117,0.118,0.134,0.114,0.111,0.115,0.123,0.138,0.113,0.112],
    [0.117,0.109,0.113,0.115,0.116,0.121,0.118,0.118,0.122,0.114,0.123,0.123,0.130,0.119,0.124,0.121,0.125,0.127,0.125,0.129,0.128,0.130,0.125,0.127,0.132,0.139,0.128,0.132,0.131,0.135,0.139,0.137,0.141,0.128,0.139,0.136,0.144,0.128,0.130],
    [0.100,0.113,0.118,0.112,0.119,0.115,0.123,0.120,0.124,0.126,0.124,0.123,0.127,0.127,0.132,0.129,0.135,0.135,0.142,0.134,0.126,0.131,0.132,0.132,0.134,0.133,0.134,0.130,0.155,0.506,0.127,0.136,0.129,0.132,0.137,0.126],
    [0.100,0.101,0.109,0.112,0.113,0.117,0.120,0.115,0.117,0.119,0.118,0.121,0.122,0.118,0.119,0.128,0.122,0.121,0.124,0.133,0.128,0.133,0.141,0.130,0.122,0.121,0.125,0.127,0.125,0.125,0.139,0.123,0.144,0.138,0.133,0.126,0.128,0.144,0.124,0.129],
    [0.100,0.102,0.109,0.113,0.122,0.118,0.119,0.116,0.115,0.115,0.117,0.119,0.123,0.122,0.121,0.120,0.121,0.125,0.127,0.128,0.126,0.127,0.127,0.134,0.119,0.128,0.126,0.128,0.124,0.126,0.130,0.131,0.134,0.129,0.130,0.142,0.131,0.135,0.129,0.130],
    [0.105,0.104,0.111,0.116,0.116,0.111,0.120,0.117,0.118,0.120,0.116,0.119,0.121,0.118,0.121,0.118,0.120,0.121,0.133,0.114,0.117,0.122,0.130,0.123,0.125,0.126,0.137,0.153,0.126,0.121,0.122,0.122,0.127,0.123,0.139,0.122,0.127,0.126,0.127,0.128],
    [0.77,0.95,0.96,0.106,0.108,0.112,0.114,0.116,0.114,0.117,0.114,0.116,0.118,0.126,0.123,0.122,0.121,0.124,0.122,0.121,0.121,0.129,0.118,0.117,0.123,0.123,0.118,0.122,0.130,0.121,0.126,0.122,0.139,0.119,0.127,0.120,0.130,0.125,0.127,0.128,0.157],
    [0.90,0.101,0.118,0.113,0.115,0.119,0.119,0.120,0.128,0.123,0.116,0.127,0.124,0.124,0.181,0.107,0.115,0.121,0.118,0.133,0.113,0.118,0.115,0.121,0.121,0.125,0.129,0.122,0.118,0.120,0.125,0.125,0.128,0.122,0.126,0.138,0.119,0.120,0.121,0.127,0.125],
    [0.99,0.95,0.106,0.107,0.110,0.112,0.109,0.112,0.114,0.112,0.109,0.113,0.113,0.115,0.115,0.113,0.124,0.113,0.114,0.114,0.115,0.123,0.122,0.125,0.137,0.128,0.135,0.124,0.124,0.123,0.127,0.122,0.120,0.123,0.121,0.140,0.120,0.123,0.126,0.122,0.119,0.118],
    [0.95,0.104,0.103,0.107,0.111,0.114,0.109,0.115,0.111,0.112,0.107,0.114,0.114,0.119,0.129,0.118,0.121,0.123,0.116,0.121,0.118,0.117,0.116,0.123,0.115,0.116,0.115,0.117,0.115,0.117,0.129,0.115,0.122,0.119,0.123,0.117,0.120,0.118,0.129,0.114,0.118,0.119,0.124],
    [0.88,0.100,0.99,0.102,0.110,0.108,0.110,0.110,0.114,0.110,0.111,0.116,0.115,0.116,0.114,0.115,0.116,0.117,0.128,0.116,0.112,0.120,0.119,0.125,0.126,0.127,0.122,0.126,0.120,0.118,0.117,0.119,0.125,0.126,0.136,0.123,0.120,0.120,0.128,0.124,0.123,0.131],
    [0.91,0.100,0.106,0.108,0.111,0.108,0.112,0.112,0.115,0.118,0.117,0.118,0.123,0.120,0.122,0.118,0.119,0.125,0.118,0.118,0.113,0.112,0.122,0.117,0.122,0.125,0.122,0.133,0.118,0.122,0.122,0.122,0.118,0.119,0.121,0.119,0.130,0.122,0.126,0.125,0.125,0.127],
    [0.95,0.100,0.102,0.107,0.109,0.113,0.114,0.114,0.115,0.116,0.113,0.136,0.117,0.120,0.118,0.125,0.110,0.117,0.116,0.114,0.118,0.115,0.117,0.125,0.120,0.134,0.114,0.115,0.113,0.113,0.115,0.118,0.129,0.120,0.121,0.116,0.120,0.116,0.116,0.133,0.116,0.118],
    [0.82,0.113,0.97,0.104,0.100,0.107,0.105,0.108,0.108,0.106,0.107,0.107,0.108,0.108,0.116,0.107,0.113,0.110,0.107,0.114,0.111,0.113,0.109,0.121,0.102,0.113,0.116,0.115,0.114,0.118,0.114,0.110,0.122,0.107,0.115,0.111,0.113,0.117,0.114,0.123,0.115,0.115,0.112,0.112,0.115],
    [0.92,0.97,0.100,0.107,0.109,0.108,0.110,0.111,0.110,0.114,0.110,0.113,0.111,0.120,0.109,0.112,0.113,0.118,0.117,0.116,0.112,0.116,0.114,0.118,0.111,0.116,0.118,0.116,0.124,0.127,0.116,0.135,0.114,0.116,0.120,0.118,0.119,0.120,0.120,0.113,0.132,0.112,0.116],
    [0.82,0.89,0.97,0.102,0.104,0.107,0.109,0.105,0.106,0.104,0.104,0.116,0.111,0.117,0.105,0.107,0.104,0.105,0.105,0.104,0.107,0.106,0.120,0.108,0.102,0.104,0.107,0.106,0.107,0.111,0.134,0.244,0.108,0.116,0.108,0.114,0.113,0.115,0.124,0.108,0.115,0.112,0.113,0.115],
    [0.90,0.97,0.101,0.105,0.104,0.107,0.108,0.110,0.112,0.107,0.109,0.105,0.108,0.111,0.109,0.114,0.121,0.104,0.107,0.108,0.115,0.113,0.112,0.110,0.113,0.120,0.156,0.341,0.109,0.108,0.112,0.111,0.113,0.111,0.112,0.112,0.122,0.111,0.124,0.125,0.130,0.119],
    [0.91,0.94,0.101,0.108,0.109,0.110,0.109,0.109,0.110,0.104,0.122,0.112,0.109,0.105,0.105,0.107,0.109,0.106,0.107,0.108,0.108,0.120,0.108,0.109,0.107,0.111,0.113,0.108,0.113,0.113,0.125,0.107,0.112,0.114,0.117,0.118,0.117,0.128,0.135,0.110,0.111,0.111,0.114,0.117,0.115],
    [0.104,0.95,0.107,0.107,0.105,0.108,0.108,0.111,0.107,0.109,0.111,0.112,0.109,0.107,0.120,0.108,0.105,0.109,0.109,0.109,0.113,0.109,0.115,0.118,0.112,0.118,0.116,0.112,0.109,0.114,0.114,0.115,0.117,0.114,0.127,0.119,0.122,0.121,0.116,0.118,0.113,0.113,0.128,0.114],
    [0.89,0.93,0.98,0.102,0.105,0.104,0.102,0.102,0.114,0.106,0.107,0.105,0.105,0.106,0.106,0.116,0.102,0.105,0.103,0.108,0.109,0.108,0.107,0.119,0.104,0.106,0.105,0.111,0.110,0.111,0.110,0.108,0.125,0.101,0.110,0.111,0.110,0.111,0.112,0.111,0.125,0.109,0.112,0.107,0.116,0.114],
    [0.93,0.100,0.98,0.105,0.106,0.109,0.106,0.107,0.107,0.104,0.107,0.109,0.116,0.121,0.108,0.108,0.105,0.112,0.115,0.114,0.111,0.110,0.115,0.123,0.104,0.112,0.115,0.109,0.110,0.124,0.107,0.113,0.110,0.109,0.113,0.113,0.118,0.128,0.122,0.113,0.109,0.111,0.121,0.114,0.114],
    [0.95,0.98,0.105,0.109,0.105,0.109,0.107,0.110,0.110,0.109,0.105,0.108,0.111,0.110,0.110,0.127,0.108,0.111,0.109,0.117,0.118,0.115,0.115,0.114,0.111,0.129,0.114,0.118,0.112,0.116,0.113,0.116,0.127,0.138,0.111,0.129,0.115,0.123,0.118,0.115,0.119,0.114,0.113],
    [0.93,0.98,0.103,0.101,0.103,0.106,0.105,0.105,0.108,0.104,0.105,0.104,0.115,0.104,0.110,0.106,0.107,0.108,0.105,0.114,0.108,0.107,0.105,0.110,0.112,0.110,0.107,0.119,0.108,0.107,0.108,0.110,0.113,0.109,0.126,0.109,0.111,0.110,0.111,0.114,0.113,0.112,0.115,0.123,0.107,0.109],
    [0.91,0.97,0.101,0.111,0.103,0.113,0.107,0.109,0.107,0.108,0.107,0.109,0.111,0.127,0.113,0.110,0.108,0.117,0.117,0.112,0.114,0.111,0.110,0.113,0.124,0.118,0.113,0.110,0.114,0.112,0.116,0.118,0.119,0.116,0.126,0.111,0.113,0.116,0.109,0.116,0.116,0.130,0.113,0.116],
    [0.95,0.97,0.108,0.105,0.106,0.109,0.109,0.108,0.108,0.110,0.111,0.107,0.109,0.108,0.113,0.110,0.119,0.106,0.109,0.112,0.112,0.117,0.111,0.110,0.111,0.115,0.128,0.103,0.115,0.113,0.114,0.114,0.116,0.113,0.116,0.130,0.107,0.112,0.108,0.112,0.111,0.115,0.112,0.125],
    [0.99,0.105,0.122,0.125,0.111,0.114,0.115,0.126,0.113,0.126,0.128,0.119,0.118,0.127,0.128,0.128,0.126,0.125,0.128,0.129,0.130,0.107,0.125,0.125,0.128,0.124,0.145,0.129,0.123,0.130,0.139,0.138,0.130,0.130,0.132,0.145,0.137,0.141,0.136],
    [0.107,0.117,0.166,0.114,0.124,0.129,0.139,0.120,0.136,0.139,0.122,0.139,0.133,0.130,0.136,0.140,0.127,0.133,0.147,0.153,0.132,0.132,0.139,0.140,0.145,0.144,0.141,0.142,0.143,0.138,0.161,0.150,0.142,0.138,0.143,0.133],
    [0.98,0.101,0.110,0.116,0.120,0.123,0.124,0.130,0.119,0.122,0.118,0.128,0.126,0.124,0.118,0.120,0.130,0.124,0.132,0.127,0.122,0.124,0.122,0.136,0.124,0.134,0.131,0.124,0.123,0.122,0.130,0.121,0.132,0.127,0.146,0.123,0.125,0.124,0.123,0.124],
    [0.102,0.102,0.116,0.120,0.118,0.115,0.116,0.120,0.114,0.116,0.121,0.123,0.123,0.129,0.129,0.132,0.139,0.135,0.126,0.129,0.124,0.126,0.126,0.124,0.127,0.128,0.126,0.131,0.142,0.120,0.133,0.131,0.131,0.129,0.128,0.133,0.133,0.142,0.137],
    [0.107,0.98,0.108,0.119,0.114,0.114,0.115,0.119,0.120,0.118,0.128,0.113,0.116,0.116,0.113,0.117,0.138,0.119,0.116,0.117,0.119,0.120,0.128,0.117,0.119,0.120,0.118,0.149,0.117,0.140,0.127,0.122,0.121,0.122,0.125,0.126,0.141,0.128,0.129,0.128,0.129],
    [0.104,0.96,0.107,0.109,0.114,0.108,0.114,0.112,0.113,0.114,0.118,0.109,0.120,0.190,0.123,0.117,0.119,0.155,0.117,0.133,0.119,0.116,0.115,0.119,0.119,0.137,0.115,0.119,0.113,0.120,0.122,0.119,0.118,0.126,0.110,0.119,0.120,0.121,0.118,0.121,0.130],
    [0.96,0.97,0.101,0.111,0.109,0.113,0.114,0.108,0.109,0.109,0.109,0.111,0.116,0.117,0.114,0.123,0.120,0.115,0.115,0.120,0.121,0.125,0.125,0.121,0.121,0.122,0.138,0.119,0.117,0.115,0.120,0.120,0.127,0.121,0.127,0.126,0.122,0.116,0.118,0.127,0.125,0.141],
    [0.93,0.95,0.101,0.110,0.107,0.106,0.105,0.109,0.104,0.107,0.106,0.105,0.107,0.106,0.107,0.105,0.106,0.107,0.121,0.106,0.106,0.106,0.111,0.111,0.109,0.113,0.112,0.112,0.111,0.123,0.112,0.109,0.110,0.115,0.112,0.114,0.117,0.114,0.115,0.117,0.132,0.114,0.114,0.115,0.113],
    [0.95,0.93,0.107,0.111,0.109,0.113,0.115,0.109,0.108,0.107,0.105,0.110,0.110,0.112,0.121,0.120,0.114,0.114,0.128,0.113,0.115,0.112,0.116,0.112,0.111,0.112,0.113,0.116,0.122,0.120,0.123,0.111,0.113,0.132,0.119,0.118,0.115,0.116,0.119,0.119,0.117,0.132,0.119],
    [0.95,0.96,0.105,0.108,0.111,0.111,0.113,0.115,0.116,0.113,0.115,0.115,0.122,0.122,0.114,0.117,0.117,0.116,0.115,0.126,0.119,0.115,0.118,0.124,0.118,0.121,0.117,0.117,0.120,0.141,0.117,0.120,0.121,0.120,0.119,0.130,0.129,0.126,0.128,0.137,0.129,0.134],
    [0.96,0.94,0.105,0.117,0.114,0.110,0.116,0.116,0.115,0.113,0.115,0.111,0.117,0.124,0.128,0.116,0.116,0.116,0.113,0.112,0.115,0.120,0.115,0.112,0.113,0.127,0.115,0.116,0.113,0.111,0.114,0.114,0.131,0.104,0.116,0.116,0.112,0.113,0.118,0.114,0.132,0.121,0.121],
    [0.97,0.102,0.100,0.112,0.109,0.110,0.118,0.110,0.114,0.118,0.116,0.106,0.114,0.114,0.110,0.112,0.122,0.112,0.122,0.118,0.112,0.115,0.116,0.109,0.113,0.119,0.119,0.127,0.113,0.124,0.118,0.117,0.116,0.109,0.121,0.133,0.112,0.113,0.120,0.111,0.117,0.121,0.119],
    [0.96,0.92,0.106,0.112,0.107,0.109,0.107,0.108,0.115,0.106,0.109,0.108,0.107,0.107,0.110,0.105,0.118,0.105,0.114,0.113,0.109,0.104,0.109,0.109,0.105,0.127,0.108,0.120,0.111,0.111,0.105,0.115,0.112,0.125,0.106,0.112,0.106,0.113,0.121,0.114,0.105,0.109,0.113,0.113,0.129
    [0.99,0.97,0.108,0.109,0.111,0.115,0.112,0.113,0.113,0.114,0.113,0.114,0.112,0.113,0.116,0.113,0.108,0.108,0.119,0.111,0.113,0.110,0.110,0.110,0.110,0.111,0.113,0.115,0.128,0.114,0.117,0.114,0.116,0.118,0.122,0.125,0.135,0.119,0.116,0.117,0.122,0.125,0.121],
    [0.102,0.96,0.103,0.104,0.108,0.106,0.105,0.107,0.108,0.110,0.104,0.106,0.109,0.107,0.107,0.118,0.98,0.105,0.106,0.107,0.109,0.106,0.103,0.119,0.102,0.115,0.109,0.110,0.107,0.110,0.108,0.128,0.105,0.109,0.106,0.109,0.111,0.117,0.115,0.115,0.115,0.127,0.109,0.115,0.114],
    [0.98,0.104,0.103,0.113,0.113,0.113,0.113,0.114,0.113,0.107,0.112,0.113,0.112,0.113,0.114,0.109,0.119,0.111,0.118,0.126,0.112,0.112,0.113,0.117,0.111,0.113,0.111,0.122,0.117,0.111,0.113,0.114,0.113,0.116,0.130,0.113,0.115,0.114,0.115,0.119,0.116,0.127,0.125],
    [0.98,0.98,0.104,0.110,0.120,0.116,0.111,0.111,0.117,0.107,0.112,0.111,0.109,0.122,0.126,0.114,0.107,0.105,0.111,0.111,0.108,0.118,0.103,0.107,0.109,0.107,0.111,0.113,0.124,0.106,0.109,0.108,0.112,0.111,0.124,0.115,0.111,0.124,0.110,0.113,0.115,0.116,0.111,0.119],
    [0.96,0.100,0.106,0.110,0.111,0.122,0.118,0.119,0.119,0.112,0.111,0.114,0.114,0.107,0.110,0.118,0.117,0.108,0.113,0.110,0.114,0.130,0.114,0.114,0.107,0.112,0.110,0.112,0.116,0.119,0.127,0.117,0.118,0.116,0.121,0.119,0.123,0.122,0.131,0.142,0.120,0.124,0.123],
    [0.95,0.96,0.106,0.107,0.107,0.110,0.104,0.104,0.109,0.101,0.104,0.102,0.104,0.101,0.105,0.103,0.115,0.104,0.107,0.108,0.105,0.109,0.107,0.106,0.107,0.111,0.124,0.107,0.107,0.105,0.112,0.109,0.109,0.108,0.122,0.104,0.109,0.109,0.110,0.108,0.111,0.114,0.128,0.110,0.113,0.106],
    [0.97,0.103,0.102,0.112,0.115,0.116,0.117,0.116,0.117,0.118,0.114,0.107,0.111,0.112,0.109,0.111,0.125,0.111,0.115,0.111,0.112,0.115,0.118,0.113,0.109,0.114,0.116,0.127,0.120,0.112,0.118,0.113,0.115,0.114,0.115,0.121,0.114,0.135,0.113,0.122,0.119,0.117,0.126],
    [0.102,0.99,0.111,0.121,0.110,0.113,0.118,0.115,0.114,0.116,0.107,0.112,0.114,0.116,0.119,0.125,0.117,0.122,0.115,0.119,0.124,0.123,0.119,0.123,0.115,0.132,0.116,0.114,0.119,0.123,0.116,0.113,0.118,0.132,0.113,0.753],
    [0.101,0.101,0.107,0.113,0.111,0.107,0.110,0.111,0.108,0.105,0.105,0.108,0.106,0.107,0.106,0.104,0.102,0.104,0.119,0.104,0.108,0.108,0.106,0.110,0.109,0.107,0.108,0.109,0.109,0.122,0.104,0.111,0.111,0.110,0.109,0.112,0.113,0.126,0.109,0.113,0.112,0.113,0.113,0.116,0.108],
    [0.100,0.110,0.108,0.117,0.122,0.117,0.132,0.121,0.125,0.120,0.120,0.125,0.124,0.130,0.118,0.126,0.122,0.117,0.131,0.115,0.128,0.126,0.115,0.119,0.122,0.111,0.121,0.130,0.123,0.124,0.108,0.111,0.110,0.121,0.119,0.115,0.115,0.133,0.126,0.123,0.132],
    [0.97,0.110,0.109,0.117,0.120,0.117,0.120,0.113,0.121,0.121,0.117,0.113,0.115,0.113,0.109,0.128,0.111,0.122,0.117,0.111,0.112,0.107,0.119,0.116,0.133,0.116,0.117,0.113,0.118,0.120,0.125,0.117,0.118,0.118,0.113,0.132,0.106,0.112,0.114,0.108,0.120,0.120]
condition_3 = [
    [0.73,0.82,0.90,0.96,0.97,0.102,0.101,0.98,0.103,0.103,0.101,0.106,0.105,0.106,0.105,0.107,0.106,0.117,0.103,0.109,0.107,0.110,0.111,0.122,0.105,0.109,0.108,0.115,0.110,0.131,0.109,0.116,0.115,0.118,0.116,0.116,0.115,0.127,0.111,0.111,0.114,0.118,0.115,0.132,0.109,0.113],
    [0.88,0.110,0.86,0.110,0.118,0.97,0.106,0.107,0.108,0.107,0.98,0.113,0.106,0.110,0.108,0.109,0.113,0.111,0.113,0.113,0.124,0.107,0.105,0.113,0.110,0.150,0.231,0.108,0.120,0.109,0.109,0.108,0.113,0.118,0.294,0.123,0.114,0.108,0.112,0.141],
    [0.107],
    [0.2966,0.183],
    [0],
    [0],
    [0],
    [0.82,0.98,0.97,0.95,0.105,0.99,0.106,0.107,0.100,0.104,0.106,0.105,0.103,0.103,0.105,0.107,0.124,0.103,0.108,0.104,0.109,0.108,0.107,0.110,0.126,0.103,0.112,0.109,0.109,0.116,0.113,0.113,0.128,0.104,0.109,0.108,0.115,0.114,0.124,0.110,0.114,0.112,0.134,0.107,0.110,0.112],
    [0.90,0.89,0.99,0.101,0.101,0.105,0.104,0.104,0.108,0.106,0.107,0.117,0.105,0.103,0.109,0.107,0.109,0.109,0.107,0.111,0.127,0.101,0.111,0.109,0.116,0.113,0.128,0.105,0.114,0.112,0.114,0.111,0.131,0.105,0.115,0.115,0.108,0.115,0.134,0.109,0.113,0.115,0.115,0.163,0.105],
    [0],
    [0.92,0.105,0.375,0.168,0.104],
    [0.98,0.151,0.89,0.144,0.102,0.123,0.111,0.670,0.103,0.111,0.118,0.320,0.281,0.268,0.220,0.193,0.115,0.229,0.163,0.89,0.148,0.77,0.132,0.127,0.107],
    [0.87,0.102,0.87,0.105,0.104,0.104,0.104,0.104,0.107,0.104,0.107,0.109,0.109,0.110,0.109,0.105,0.106,0.111,0.113,0.121,0.109,0.110,0.114,0.111,0.114,0.111,0.112,0.113,0.133,0.107,0.106,0.112,0.116,0.115,0.112,0.113,0.130,0.107,0.113,0.113,0.113,0.112,0.113,0.115,0.129],
    [0],
    [0.301,0.100,0.69,0.96,0.153,0.218,0.81,0.124,0.249],
    [0],
    [0],
    [0],
    [0],
    [0.84,0.97,0.104,0.94,0.100,0.106,0.104,0.104,0.107,0.110,0.108,0.108,0.109,0.108,0.108,0.110,0.111,0.122,0.104,0.113,0.112,0.110,0.113,0.115,0.115,0.111,0.116,0.133,0.108,0.116,0.116,0.115,0.115,0.134,0.106,0.111,0.119,0.118,0.114,0.115,0.133,0.114,0.111,0.117],
    [0.91,0.97,0.103,0.104,0.105,0.108,0.109,0.109,0.109,0.109,0.110,0.107,0.107,0.109,0.109,0.125,0.102,0.112,0.108,0.113,0.113,0.110,0.115,0.134,0.102,0.115,0.113,0.115,0.116,0.132,0.106,0.116,0.117,0.116,0.118,0.136,0.113,0.116,0.116,0.120,0.137,0.114,0.114,0.117],
    [0.104,0.134],
    [0],
    [0],
    [0],
    [0.102,0.99,0.102,0.111,0.109,0.112,0.107,0.113,0.110,0.113,0.113,0.112,0.116,0.114,0.116,0.116,0.119,0.115,0.115,0.122,0.129,0.115,0.121,0.125,0.121,0.123,0.126,0.123,0.122,0.127,0.127,0.145,0.116,0.127,0.115,0.123,0.124,0.124,0.135,0.125,0.131,0.130],
    [0.97,0.105,0.123,0.106,0.118,0.112,0.108,0.112,0.108,0.111,0.112,0.111,0.120,0.121,0.110,0.115,0.113,0.118,0.111,0.115,0.116,0.115,0.117,0.126,0.115,0.120,0.115,0.118,0.116,0.120,0.122,0.117,0.122,0.127,0.113,0.124,0.119,0.124,0.121,0.133,0.115,0.120],
    [0],
    [0.826],
    [0],
    [0.284,0.52,0.107,0.113],
    [0.115,0.92,0.96,0.103,0.100,0.105,0.108,0.105,0.104,0.107,0.103,0.103,0.105,0.106,0.108,0.102,0.110,0.108,0.109,0.110,0.113,0.110,0.111,0.107,0.108,0.114,0.111,0.122,0.109,0.111,0.112,0.114,0.119,0.114,0.124,0.116,0.119,0.115,0.117,0.116,0.121,0.118,0.117,0.112,0.117],
    [0.96,0.98,0.105,0.110,0.110,0.110,0.107,0.110,0.111,0.107,0.110,0.110,0.111,0.109,0.109,0.114,0.120,0.111,0.112,0.111,0.111,0.116,0.132,0.124,0.113,0.120,0.127,0.105,0.114,0.112,0.116,0.125,0.113,0.115,0.113,0.115,0.129,0.115,0.117,0.117,0.118,0.120,0.120],
    [0.107,0.94,0.107,0.108,0.105,0.129,0.100,0.105,0.110,0.117,0.382,0.103,0.106,0.107,0.129,0.120,0.114,0.124,0.122,0.108,0.113,0.118,0.123,0.129,0.153,0.141,0.147,0.169,0.161,0.155,0.129,0.125,0.131,0.337,0.178,0.119],
    [0.71,0.92,0.103,0.101,0.109,0.103,0.107,0.106,0.105,0.103,0.103,0.103,0.105,0.114,0.102,0.107,0.107,0.105,0.108,0.109,0.109,0.119,0.110,0.111,0.109,0.112,0.110,0.111,0.111,0.126,0.113,0.109,0.109,0.113,0.112,0.115,0.121,0.130,0.112,0.113,0.115,0.114,0.117,0.118,0.127],
    [0.79,0.92,0.99,0.105,0.106,0.103,0.103,0.104,0.105,0.104,0.105,0.105,0.109,0.106,0.105,0.111,0.107,0.108,0.109,0.125,0.104,0.107,0.108,0.110,0.109,0.107,0.113,0.120,0.112,0.110,0.109,0.113,0.111,0.113,0.115,0.127,0.114,0.117,0.116,0.117,0.114,0.115,0.129,0.113,0.113],
    [0.74,0.103,0.100,0.103,0.100,0.106,0.106,0.107,0.105,0.111,0.105,0.103,0.109,0.104,0.108,0.105,0.119,0.105,0.110,0.106,0.109,0.110,0.112,0.121,0.115,0.113,0.110,0.123,0.108,0.109,0.115,0.111,0.112,0.117,0.118,0.127,0.115,0.112,0.111,0.116,0.120,0.129,0.112,0.113,0.116],
    [0.111,0.115,0.252,0.111,0.110,0.115,0.127],
    [0.94,0.109,0.109,0.108,0.112,0.105,0.104,0.111,0.108,0.107,0.107,0.106,0.109,0.119,0.106,0.107,0.108,0.107,0.109,0.109,0.110,0.113,0.112,0.122,0.111,0.108,0.113,0.112,0.114,0.111,0.114,0.124,0.106,0.114,0.113,0.111,0.113,0.127,0.116,0.112,0.111,0.116,0.118,0.117],
    [0.122,0.120,0.362,0.109,1.336,0.105,0.141],
    [0.91,0.114,0.127,0.105,0.100,0.109,0.114,0.123],
    [0],
    [0],
    [0.103],
    [0.97,0.97,0.102,0.108,0.104,0.106,0.104,0.101,0.105,0.108,0.108,0.104,0.107,0.114,0.107,0.103,0.106,0.114,0.106,0.114,0.107,0.109,0.114,0.111,0.112,0.123,0.108,0.114,0.112,0.109,0.112,0.115,0.114,0.112,0.128,0.112,0.114,0.111,0.114,0.113,0.129,0.111,0.117,0.112,0.121],
    [0.93,0.103,0.104,0.110,0.114,0.111,0.105,0.110,0.107,0.108,0.110,0.111,0.108,0.112,0.110,0.117,0.121,0.110,0.113,0.111,0.113,0.116,0.117,0.111,0.113,0.129,0.107,0.116,0.114,0.115,0.114,0.111,0.119,0.127,0.113,0.115,0.109,0.114,0.118,0.130,0.117,0.120,0.116,0.117],
    [0.88,0.105,0.117,0.107,0.106,0.110,0.115,0.117,0.126],
    [0.87,0.102,0.103,0.111,0.112,0.109,0.112,0.111,0.106,0.110,0.109,0.106,0.112,0.111,0.107,0.110,0.126,0.104,0.115,0.111,0.114,0.110,0.111,0.113,0.122,0.111,0.114,0.110,0.111,0.113,0.110,0.124,0.112,0.111,0.114,0.114,0.113,0.121,0.135,0.111,0.113,0.112,0.115,0.115],
    [4.668],
    [0.97,0.104,0.110,0.111,0.110,0.113,0.115,0.110,0.116,0.113,0.122,0.115,0.134,0.113,0.120,0.119,0.120,0.131,0.111,0.133,0.121,0.126,0.146,0.107,0.121,0.125,0.164,0.104,0.126,0.129,0.127,0.160,0.112,0.135,0.132,0.122,0.128,0.132,0.154,0.118],
    [0.105,0.145,0.349,0.97,0.103,0.115,0.122,0.122,0.129,0.124,0.131,0.132,0.125,0.134,0.140,0.136,0.138,0.146,0.727,0.120,0.126,0.128],
    [0.100,0.107,0.103,0.112,0.124,0.126,0.130,0.125,0.129,0.126,0.148,0.133,0.148,0.156,0.161,0.633,0.115,0.118,0.144,0.146,0.547,0.121,0.142,0.128,0.135,0.133],
    [0.128,0.131,0.109,0.115,0.121,0.129,0.132,0.138],
    [0.110,0.250,0.104,0.105,0.114,0.122,0.124,0.142,0.729,1.805],
    [0.356,0.132],
    [0.153,0.102,0.103,0.117,0.116,0.114,0.121,0.121,0.111,0.117,0.112,0.116,0.109,0.113,0.113,0.118,0.111,0.117,0.112,0.115,0.113,0.110,0.130,0.107,0.115,0.112,0.120,0.116,0.118,0.119,0.113,0.118,0.120,0.120,0.138,0.114,0.125,0.121,0.120,0.122,0.117,0.116],
    [0.99,0.101,0.112,0.108,0.108,0.111,0.109,0.112,0.116,0.114,0.111,0.109,0.111,0.134,0.104,0.121,0.111,0.122,0.111,0.118,0.115,0.121,0.140,0.107,0.111,0.113,0.121,0.122,0.127,0.119,0.127,0.114,0.119,0.122,0.127,0.148,0.114,0.127,0.117,0.124,0.120,0.126],
    [0.149,0.110,0.133,0.174],
    [0.167,1.459],
    [0.92,0.94,0.104,0.109,0.115,0.117,0.937,0.110,0.124],
    [0.295,0.104,0.95,0.105,0.107,0.104,0.102,0.108,0.112,0.104,0.106,0.109,0.100,0.115,0.109,0.122,0.103,0.118,0.104,0.109,0.108,0.107,0.110,0.109,0.111,0.112,0.127,0.106,0.119,0.113,0.115,0.112,0.117,0.115,0.116,0.109,0.118,0.115,0.133,0.110,0.121,0.116,0.112],
    [0.115,0.675,0.455,0.111,0.304],
    [0],
    [0.133,0.289],
    [0.96,0.112,0.116,0.131,0.131],
    [0.246,0.60],
    [0.102,0.129,0.411,0.149],
    [0.129,0.350,0.148,0.286,0.122],
    [0.93,0.108,0.100,0.99,0.103,0.103,0.103,0.104,0.105,0.103,0.104,0.105,0.108,0.107,0.106,0.110,0.125,0.99,0.107,0.111,0.111,0.112,0.115,0.117,0.112,0.119,0.145,0.106,0.125,0.115,0.118,0.137,0.109,0.114,0.115,0.113,0.114,0.117,0.136,0.104,0.119,0.111,0.123,0.118],
    [0.97,0.98,0.97,0.112,0.109,0.107,0.105,0.106,0.99,0.105,0.105,0.104,0.104,0.107,0.107,0.107,0.106,0.124,0.97,0.113,0.110,0.110,0.112,0.109,0.111,0.112,0.130,0.108,0.119,0.114,0.118,0.115,0.126,0.115,0.117,0.134,0.115,0.131,0.120,0.119,0.116,0.124,0.133,0.118],
    [0],
    [0.390]
condition_4 = [
    [0.85,0.91,0.99,0.98,0.104,0.102,0.106,0.105,0.105,0.108,0.108,0.106,0.110,0.109,0.122,0.101,0.112,0.108,0.107,0.110,0.110,0.111,0.129,0.107,0.116,0.113,0.110,0.114,0.128,0.112,0.109,0.112,0.114,0.113,0.129,0.110,0.118,0.114,0.114,0.119,0.131,0.106,0.109,0.114,0.114],
    [0.85,0.92,0.104,0.128,0.341,0.95,0.97,0.105,0.582,0.89,0.234,1.720,0.96],
    [0.84,0.93,0.96,0.99,0.101,0.101,0.102,0.105,0.103,0.102,0.106,0.107,0.103,0.105,0.106,0.112,0.100,0.104,0.107,0.106,0.108,0.116,0.101,0.108,0.107,0.108,0.122,0.98,0.110,0.110,0.109,0.111,0.128,0.103,0.109,0.131,0.102,0.110,0.107,0.110,0.108,0.112,0.131,0.107,0.114,0.111],
    [0.340,0.96,0.96,0.100,0.98,0.102,0.103,0.104,0.104,0.104,0.103,0.105,0.103,0.107,0.105,0.119,0.103,0.105,0.107,0.109,0.109,0.122,0.99,0.108,0.108,0.111,0.112,0.125,0.99,0.108,0.110,0.113,0.129,0.106,0.112,0.113,0.133,0.104,0.112,0.111,0.136,0.105,0.111],
    [0],
    [0.104],
    [0.91,0.123,0.105,0.144,0.113,0.100,0.103,0.106,0.107,0.109,0.114,0.108,0.106,0.109,0.139,0.444,0.111,0.111,0.111,0.115,0.963,0.133,0.85,0.95,0.141,0.77,0.110,0.128,0.99,0.101,0.113,0.336],
    [0],
    [0],
    [0.1237,0.198,0.203,0.215],
    [0.154],
    [0],
    [0],
    [0],
    [0],
    [0],
    [0],
    [0.88,0.98,0.115,0.109,0.111,0.114,0.114,0.150,0.510,0.239,0.266,0.232,0.110,0.149,0.79,0.122,0.148,0.77,0.104,0.169,0.102,0.124],
    [0],
    [0],
    [0.87,0.102,0.108,0.103,0.102,0.105,0.108,0.113,0.107,0.109,0.107,0.106,0.113,0.105,0.110,0.119,0.103,0.110,0.109,0.115,0.109,0.115,0.108,0.117,0.110,0.129,0.103,0.116,0.116,0.117,0.118,0.115,0.118,0.116,0.132,0.110,0.115,0.115,0.115,0.113,0.133,0.121,0.125,0.153],
    [0],
    [0.85,0.89,0.97,0.99,0.104,0.104,0.105,0.106,0.100,0.106,0.107,0.107,0.108,0.116,0.107,0.109,0.107,0.111,0.113,0.109,0.112,0.124,0.105,0.114,0.109,0.116,0.116,0.115,0.116,0.115,0.130,0.106,0.114,0.115,0.116,0.120,0.124,0.121,0.132,0.115,0.114,0.118,0.122,0.119],
    [0],
    [0.92,0.102,0.108,0.113,0.111,0.111,0.112,0.113,0.114,0.118,0.116,0.117,0.128,0.112,0.108,0.120,0.119,0.117,0.118,0.122,0.124,0.120,0.119,0.131,0.117,0.121,0.119,0.121,0.121,0.121,0.135,0.120,0.120,0.118,0.125,0.126,0.127,0.119,0.150,0.113,0.125,0.122],
    [0.90,0.95,0.106,0.107,0.107,0.107,0.109,0.115,0.150,0.116,0.117,0.113,0.143,0.126,0.163,0.113,0.254,0.106,0.2149],
    [0.82,0.111,0.105,0.110,0.110,0.110,0.106,0.109,0.106,0.107,0.107,0.106,0.116,0.108,0.114,0.108,0.109,0.110,0.110,0.109,0.112,0.112,0.115,0.122,0.111,0.110,0.114,0.112,0.111,0.117,0.115,0.124,0.113,0.117,0.119,0.117,0.126,0.119,0.111,0.116,0.119,0.119,0.132,0.119],
    [0.84,0.101,0.93,0.113,0.104,0.105,0.109,0.104,0.109,0.108,0.106,0.108,0.109,0.111,0.119,0.110,0.110,0.107,0.112,0.109,0.112,0.115,0.115,0.124,0.112,0.112,0.113,0.113,0.114,0.114,0.126,0.113,0.116,0.117,0.117,0.118,0.117,0.135,0.114,0.118,0.117,0.117,0.120,0.130],
    [0.246],
    [0],
    [0.92,0.102,0.102,0.108,0.106,0.105,0.103,0.107,0.105,0.109,0.106,0.110,0.107,0.105,0.117,0.109,0.110,0.108,0.112,0.107,0.108,0.116,0.126,0.112,0.111,0.114,0.114,0.114,0.116,0.117,0.122,0.112,0.115,0.118,0.116,0.117,0.126,0.110,0.115,0.116,0.117,0.135,0.113,0.119],
    [0.226,3.020],
    [0.422,0.283],
    [0.89,0.98,0.101,0.106,0.110,0.103,0.104,0.102,0.105,0.103,0.103,0.103,0.106,0.102,0.115,0.102,0.104,0.109,0.110,0.108,0.109,0.108,0.124,0.105,0.107,0.106,0.111,0.111,0.108,0.113,0.111,0.111,0.109,0.120,0.112,0.115,0.112,0.114,0.115,0.115,0.124,0.114,0.112,0.116,0.117],
    [0],
    [0.458,0.111,0.110,0.123,0.149,0.110,0.109],
    [0],
    [0.88,0.101,0.100,0.105,0.126,0.122,0.108,0.103,0.105,0.111,0.108,0.106,0.106,0.106,0.104,0.107,0.122,0.109,0.105,0.110,0.111,0.109,0.108,0.108,0.107,0.113,0.120,0.114,0.114,0.111,0.112,0.116,0.117,0.116,0.116,0.131,0.111,0.109,0.114,0.116,0.126,0.110,0.117,0.113],
    [0.131,0.130],
    [0.72,0.122,0.210,0.126],
    [0],
    [0.87,0.91,0.103,0.103,0.103,0.107,0.109,0.111,0.110,0.110,0.106,0.107,0.109,0.106,0.107,0.110,0.110,0.109,0.119,0.110,0.111,0.105,0.112,0.107,0.110,0.112,0.120,0.125,0.110,0.109,0.111,0.111,0.114,0.113,0.118,0.115,0.122,0.109,0.116,0.109,0.115,0.117,0.115,0.113,0.128],
    [0.79,0.96,0.101,0.110,0.108,0.106,0.108,0.108,0.109,0.111,0.114,0.122,0.104,0.109,0.106,0.112,0.114,0.113,0.116,0.127,0.115,0.112,0.113,0.118,0.115,0.111,0.114,0.134,0.115,0.118,0.120,0.115,0.116,0.117,0.116,0.124,0.114,0.118,0.114,0.120,0.116,0.120,0.135],
    [0.95,0.107,0.107,0.111,0.114,0.112,0.110,0.113,0.113,0.111,0.109,0.113,0.113,0.115,0.121,0.111,0.111,0.114,0.111,0.113,0.117,0.114,0.118,0.130,0.108,0.117,0.115,0.113,0.115,0.115,0.120,0.133,0.117,0.122,0.115,0.116,0.118,0.130,0.115,0.117,0.119,0.122,0.115],
    [0.87,0.103,0.96,0.115,0.109,0.111,0.113,0.109,0.107,0.111,0.112,0.113,0.116,0.124,0.112,0.117,0.112,0.114,0.109,0.114,0.116,0.120,0.132,0.120,0.118,0.117,0.116,0.115,0.114,0.109,0.120,0.113,0.113,0.117,0.117,0.118,0.118,0.133,0.116,0.118,0.116,0.117,0.118],
    [0],
    [0.88,0.99,0.96,0.104,0.107,0.105,0.110,0.110,0.100,0.106,0.105,0.104,0.105,0.104,0.107,0.112,0.110,0.109,0.108,0.111,0.111,0.108,0.107,0.109,0.111,0.116,0.116,0.111,0.111,0.112,0.126,0.107,0.112,0.114,0.118,0.113,0.113,0.129,0.113,0.112,0.122,0.120,0.120,0.117,0.119],
    [0],
    [0.99,0.114,0.118,0.112,0.117,0.119,0.120,0.118,0.125,0.136,0.116,0.121,0.119,0.123,0.121,0.119,0.127,0.123,0.122,0.146,0.112,0.120,0.124,0.132,0.123,0.132,0.147,0.123,0.125,0.139,0.134,0.145,0.119,0.137,0.134,0.155,0.116,0.129,0.135],
    [0.87,0.99,0.107,0.109,0.107,0.116,0.129,0.116,0.118,0.115,0.120,0.124,0.487,0.121,0.344,0.1445,0.105,0.120,0.126,0.135,0.112,0.124],
    [0.107,0.121,0.75,0.110,0.108,0.106,0.106,0.110,0.110,0.107,0.109,0.112,0.116,0.123,0.106,0.111,0.112,0.117,0.116,0.131,0.112,0.114,0.113,0.120,0.119,0.130,0.115,0.120,0.115,0.126,0.117,0.288,0.114,0.103,0.122,0.118,0.133,0.120,0.120,0.122,0.124],
    [0.100,0.112,0.126,0.102,0.124,0.115,0.111,0.108,0.109,0.110,0.113,0.116,0.110,0.117,0.127,0.106,0.110,0.115,0.114,0.119,0.115,0.133,0.104,0.113,0.115,0.119,0.125,0.116,0.125,0.119,0.120,0.119,0.125,0.288,0.114,0.124,0.116,0.120,0.121,0.133,0.130],
    [0.760],
    [0.329,0.102,0.110,0.117,0.131],
    [0.158,0.102,0.110,0.135,0.133,0.2376,0.125,0.387],
    [0],
    [0.102,0.116],
    [0.102,0.101,0.196,0.106,0.114,0.102,0.107,0.108,0.106,0.103,0.112,0.105,0.113,0.110,0.110,0.108,0.123,0.97,0.116,0.109,0.113,0.109,0.112,0.113,0.115,0.118,0.130,0.105,0.121,0.135,0.117,0.340,0.118,0.118,0.131,0.139,0.132,0.135,0.106,0.123,0.117],
    [0],
    [0.135,1.604,0.142,0.396],
    [0],
    [0],
    [0.861],
    [0],
    [0.116,0.123,0.133,0.466,0.121,0.140],
    [0.621],
    [0.122],
    [0.899],
    [0.127,0.127,0.134,0.180,0.177,2.310],
    [0.98,0.105,0.107,0.102,0.103,0.105,0.107,0.105,0.105,0.103,0.126,0.99,0.104,0.106,0.107,0.108,0.110,0.131,0.101,0.119,0.112,0.115,0.111,0.113,0.111,0.117,0.138,0.105,0.112,0.111,0.110,0.113,0.124,0.115,0.116,0.135,0.106,0.116,0.110,0.120,0.116,0.136,0.111,0.120],
    [0.110,0.120,0.137],
    [0.93,0.113,0.105,0.103,0.101,0.105,0.104,0.106,0.105,0.104,0.110,0.106,0.105,0.109,0.107,0.124,0.95,0.115,0.108,0.110,0.157,0.116,0.110,0.111,0.123,0.488,0.115]

